C:\Data\MAYLE2021\LOMA-SUAREZ_V2\LOMA-SUAREZ_18-62cm\XRF data     19/10/2021  re-evaluated data
peakarea
filename	position (mm)	sample surface	validity	E-gain	E-offset	F-slope	F-offset	cps	MSE	Al	Si	P	S	Cl	Ar	K	Ca	Sc	Ti	V	Cr	Mn	Fe	Ni	Cu	Zn	Ga	Ge	As	Se	Br	Rb	Sr	Y	Zr	Rh	In	Sn	Sb	Ba	La	Ce	Pr	Nd	Ta	W	Pb	Bi	Fe a*2	Fe a+b	S1	S2	S3	Mo inc	Mo coh	Dt	
C:\Data\MAYLE2021\LOMA-SUAREZ_V2\LOMA-SUAREZ_18-62cm\XRF data\L000000.spe	53.56	6.92	1	0.010265	-0.008803	0.010128	0.075074	95910	1.67	146	981	4	67	9	987	9118	1175	0	10156	227	730	906	248450	811	493	733	426	0	124	0	34	2857	1996	594	1548	10	8	29	0	271	21	197	180	235	1127	2358	178	263	837	0	1551	1012	2299	94686	22065	0.173	
C:\Data\MAYLE2021\LOMA-SUAREZ_V2\LOMA-SUAREZ_18-62cm\XRF data\L000001.spe	55.56	6.93	1	0.010265	-0.008803	0.010128	0.075074	96310	1.62	84	1055	16	99	40	1020	9319	1189	29	10300	252	694	983	248612	731	514	890	307	0	0	0	24	2940	2081	571	1703	21	38	61	0	249	7	258	249	176	1377	2179	607	286	471	0	1655	998	1980	94366	21870	0.174	
C:\Data\MAYLE2021\LOMA-SUAREZ_V2\LOMA-SUAREZ_18-62cm\XRF data\L000002.spe	57.56	6.94	1	0.010265	-0.008803	0.010128	0.075074	96089	1.59	137	997	50	95	54	1043	8910	1301	12	10300	190	699	951	245401	686	476	691	372	0	0	173	179	2962	2405	766	1439	18	34	47	0	379	0	160	223	216	1381	2263	400	315	657	0	1744	939	1990	95550	22072	0.175	
C:\Data\MAYLE2021\LOMA-SUAREZ_V2\LOMA-SUAREZ_18-62cm\XRF data\L000003.spe	59.56	6.93	1	0.010265	-0.008803	0.010128	0.075074	95866	1.62	151	973	22	73	34	1092	9339	1245	6	10454	166	637	924	245924	728	516	789	529	0	0	0	182	3205	2330	764	1640	13	0	115	0	148	36	286	251	174	1194	2131	426	307	771	0	1570	999	1867	95459	22497	0.174	
C:\Data\MAYLE2021\LOMA-SUAREZ_V2\LOMA-SUAREZ_18-62cm\XRF data\L000004.spe	61.56	6.94	1	0.010265	-0.008803	0.010128	0.075074	96940	1.68	149	1052	51	52	48	1052	9550	1257	13	10560	240	659	907	249607	792	463	779	343	64	89	0	0	3157	2275	770	1316	20	10	85	20	292	28	219	277	164	1326	2294	245	141	704	0	1584	977	2117	95508	22330	0.174	
C:\Data\MAYLE2021\LOMA-SUAREZ_V2\LOMA-SUAREZ_18-62cm\XRF data\L000005.spe	63.56	6.94	1	0.010265	-0.008803	0.010128	0.075074	95291	1.64	132	960	10	56	16	1089	8967	1182	0	10137	131	673	937	242233	667	551	863	398	23	0	107	112	3133	2134	692	1657	0	53	24	0	219	16	226	151	174	1314	2270	365	308	645	104	1355	1137	2393	96987	22264	0.174	
C:\Data\MAYLE2021\LOMA-SUAREZ_V2\LOMA-SUAREZ_18-62cm\XRF data\L000006.spe	65.56	6.93	1	0.010265	-0.008803	0.010128	0.075074	95479	1.64	136	1018	22	40	62	1085	9145	1229	21	10252	253	603	890	244688	623	436	801	386	0	65	0	90	2912	2229	788	1276	14	119	6	0	194	38	214	238	180	1205	2225	205	236	860	205	1628	1054	2062	95743	22071	0.174	
C:\Data\MAYLE2021\LOMA-SUAREZ_V2\LOMA-SUAREZ_18-62cm\XRF data\L000007.spe	67.56	6.94	1	0.010265	-0.008803	0.010128	0.075074	97108	1.74	153	1011	21	74	0	1116	9035	1216	42	10338	177	673	941	254482	689	492	820	454	20	0	26	189	3112	2236	895	1255	23	132	0	8	250	20	189	250	194	1222	2131	425	248	524	0	1686	1093	1923	96536	22234	0.174	
C:\Data\MAYLE2021\LOMA-SUAREZ_V2\LOMA-SUAREZ_18-62cm\XRF data\L000008.spe	69.56	6.94	1	0.010265	-0.008803	0.010128	0.075074	98368	1.74	148	967	64	59	30	1131	9104	1166	0	10052	135	728	876	261329	779	500	868	380	0	0	10	173	3028	2122	806	1236	25	19	66	7	236	63	261	222	162	1271	2164	430	266	688	0	1689	1051	2543	97164	22407	0.175	
C:\Data\MAYLE2021\LOMA-SUAREZ_V2\LOMA-SUAREZ_18-62cm\XRF data\L000009.spe	71.56	6.93	1	0.010265	-0.008803	0.010128	0.075074	95397	1.70	113	909	25	86	19	1171	8596	1198	6	9733	175	569	853	247401	642	542	692	284	36	0	132	19	2764	2012	447	1596	30	6	95	0	227	95	251	217	159	1234	1972	358	278	525	332	1493	939	2136	94623	21582	0.174	
C:\Data\MAYLE2021\LOMA-SUAREZ_V2\LOMA-SUAREZ_18-62cm\XRF data\L000010.spe	73.56	6.92	1	0.010265	-0.008803	0.010128	0.075074	93747	1.59	99	897	23	41	32	1103	8525	1157	0	9567	258	656	849	238582	729	502	855	424	102	292	98	8	2913	1925	677	1123	0	28	30	0	278	51	204	193	160	1264	2248	39	378	657	0	1659	963	1580	95387	22455	0.173	
C:\Data\MAYLE2021\LOMA-SUAREZ_V2\LOMA-SUAREZ_18-62cm\XRF data\L000011.spe	75.56	6.92	1	0.010265	-0.008803	0.010128	0.075074	94051	1.60	87	948	34	51	46	1038	8701	1178	0	9651	191	594	915	239734	702	512	755	382	0	0	46	61	3123	2141	753	1247	25	40	38	22	298	19	216	194	172	1172	2181	459	304	603	0	1535	903	1834	94497	21707	0.173	
C:\Data\MAYLE2021\LOMA-SUAREZ_V2\LOMA-SUAREZ_18-62cm\XRF data\L000012.spe	77.56	6.93	1	0.010265	-0.008803	0.010128	0.075074	90392	1.57	91	939	34	63	21	1101	8760	1240	0	9617	167	633	867	221017	760	524	843	406	0	0	0	0	3090	2237	777	1454	0	52	8	36	319	59	185	205	170	1078	2087	270	245	500	0	1174	1030	2515	93979	21388	0.172	
C:\Data\MAYLE2021\LOMA-SUAREZ_V2\LOMA-SUAREZ_18-62cm\XRF data\L000013.spe	79.56	6.93	1	0.010265	-0.008803	0.010128	0.075074	90995	1.62	145	901	26	87	24	1120	8976	1267	16	9712	197	650	874	221444	736	521	794	244	53	0	87	5	2839	2040	678	1139	28	38	37	0	380	47	107	203	208	1215	2055	228	185	587	166	1383	945	2026	95729	21925	0.172	
C:\Data\MAYLE2021\LOMA-SUAREZ_V2\LOMA-SUAREZ_18-62cm\XRF data\L000014.spe	81.56	6.93	1	0.010265	-0.008803	0.010128	0.075074	92400	1.69	133	956	0	54	58	1150	8633	1140	0	9425	173	741	935	234930	747	456	769	302	0	19	0	75	2917	2421	740	1098	13	76	34	36	314	24	220	182	157	1204	2136	285	397	535	0	1567	1001	2007	93150	21909	0.172	
C:\Data\MAYLE2021\LOMA-SUAREZ_V2\LOMA-SUAREZ_18-62cm\XRF data\L000015.spe	83.56	6.93	1	0.010265	-0.008803	0.010128	0.075074	98380	1.83	131	858	21	82	26	1156	8434	1126	0	9791	262	732	972	281505	651	486	571	270	0	160	117	0	2888	2097	788	1353	24	67	76	33	318	0	140	250	246	1223	2135	111	340	1032	50	1854	1051	2153	91543	21196	0.172	
C:\Data\MAYLE2021\LOMA-SUAREZ_V2\LOMA-SUAREZ_18-62cm\XRF data\L000016.spe	85.56	6.93	1	0.010265	-0.008803	0.010128	0.075074	97489	1.76	103	867	0	41	6	1140	8502	1145	0	9657	204	582	958	281457	641	447	767	289	0	246	133	93	3182	2064	552	1292	0	0	93	0	194	0	220	263	233	1138	2078	180	145	876	0	1702	1236	2170	90009	21288	0.170	
C:\Data\MAYLE2021\LOMA-SUAREZ_V2\LOMA-SUAREZ_18-62cm\XRF data\L000017.spe	87.56	6.93	1	0.010265	-0.008803	0.010128	0.075074	96596	1.67	144	953	33	60	50	1119	8593	1076	0	9543	156	576	941	279290	628	411	653	388	0	63	67	0	2849	1955	616	1383	7	0	35	39	300	46	241	275	97	1044	2053	203	360	863	139	1727	1175	2350	89594	21509	0.169	
C:\Data\MAYLE2021\LOMA-SUAREZ_V2\LOMA-SUAREZ_18-62cm\XRF data\L000018.spe	89.56	6.94	1	0.010265	-0.008803	0.010128	0.075074	96135	1.79	120	965	24	60	18	1102	8929	1155	0	9804	126	606	973	274578	643	465	684	463	0	148	0	0	2936	1979	674	1182	34	0	50	18	186	25	281	298	167	1052	2159	283	264	801	0	1866	1041	2007	90328	21133	0.169	
C:\Data\MAYLE2021\LOMA-SUAREZ_V2\LOMA-SUAREZ_18-62cm\XRF data\L000019.spe	91.56	6.94	1	0.010265	-0.008803	0.010128	0.075074	94543	1.67	118	888	45	64	0	1068	8375	1057	0	9473	241	667	908	267820	685	461	765	311	0	0	108	64	2991	1837	433	1211	15	58	0	12	317	0	197	233	167	1250	1979	392	121	835	0	1815	1012	2215	88726	20696	0.169	
C:\Data\MAYLE2021\LOMA-SUAREZ_V2\LOMA-SUAREZ_18-62cm\XRF data\L000020.spe	93.56	6.93	1	0.010265	-0.008803	0.010128	0.075074	95095	1.69	93	905	23	56	53	1113	8625	1152	0	9361	211	578	1021	260931	646	469	680	333	0	40	12	32	2619	1962	616	1426	0	38	37	9	248	0	247	219	146	1188	2034	254	265	831	332	1547	1094	2278	91745	21579	0.171	
C:\Data\MAYLE2021\LOMA-SUAREZ_V2\LOMA-SUAREZ_18-62cm\XRF data\L000021.spe	95.56	6.94	1	0.010265	-0.008803	0.010128	0.075074	95340	1.70	128	950	33	55	0	1105	8898	1074	29	9617	229	741	1047	262242	635	414	804	362	0	0	0	87	2816	2059	823	1336	15	0	95	0	272	49	184	206	205	1264	2092	322	390	684	56	1737	1036	2125	91426	21483	0.171	
C:\Data\MAYLE2021\LOMA-SUAREZ_V2\LOMA-SUAREZ_18-62cm\XRF data\L000022.spe	97.56	6.94	1	0.010265	-0.008803	0.010128	0.075074	96815	1.71	146	959	38	86	22	1136	8569	1262	35	9782	202	662	1092	268422	638	505	856	384	0	72	75	21	2845	1978	571	1220	34	73	22	52	335	11	212	249	200	1219	2021	333	253	742	281	1677	1001	2558	92920	21579	0.172	
C:\Data\MAYLE2021\LOMA-SUAREZ_V2\LOMA-SUAREZ_18-62cm\XRF data\L000023.spe	99.56	6.94	1	0.010265	-0.008803	0.010128	0.075074	95838	1.73	159	841	41	58	33	1151	8218	1164	20	9317	209	591	1115	260256	640	615	612	322	108	64	64	0	2690	1972	726	1513	25	89	18	22	300	14	219	174	204	1135	2156	186	218	788	159	1707	1125	2386	93366	21730	0.172	
C:\Data\MAYLE2021\LOMA-SUAREZ_V2\LOMA-SUAREZ_18-62cm\XRF data\L000024.spe	101.56	6.94	1	0.010265	-0.008803	0.010128	0.075074	95229	1.59	103	823	40	53	33	1077	8077	1183	15	9007	152	650	1092	256163	673	497	662	395	0	129	0	0	2614	1857	726	1128	21	14	59	0	288	0	151	211	157	1203	2107	186	144	678	327	1646	1035	2218	94646	21463	0.172	
C:\Data\MAYLE2021\LOMA-SUAREZ_V2\LOMA-SUAREZ_18-62cm\XRF data\L000025.spe	103.56	6.94	1	0.010265	-0.008803	0.010128	0.075074	98444	1.68	106	967	49	29	17	1134	8696	1154	0	9495	314	725	1079	269811	699	454	570	260	0	0	75	99	2923	1940	618	1140	10	82	18	20	227	0	244	238	205	1317	2075	536	190	610	0	1669	1091	2291	96229	21435	0.173	
C:\Data\MAYLE2021\LOMA-SUAREZ_V2\LOMA-SUAREZ_18-62cm\XRF data\L000026.spe	105.56	6.94	1	0.010265	-0.008803	0.010128	0.075074	96093	1.76	109	903	49	62	27	1059	7895	1080	20	9096	157	598	1096	267739	668	331	641	336	0	67	0	123	2637	1875	519	1002	16	119	0	21	174	36	202	206	206	1129	2099	228	228	1018	0	1661	1233	2204	93991	21587	0.171	
C:\Data\MAYLE2021\LOMA-SUAREZ_V2\LOMA-SUAREZ_18-62cm\XRF data\L000027.spe	107.56	6.94	1	0.010265	-0.008803	0.010128	0.075074	96791	1.72	137	959	56	71	0	1162	8061	1209	0	9034	219	642	1128	273356	644	494	671	339	0	106	0	77	2756	2003	765	1033	51	97	0	0	250	110	241	193	154	1159	2209	247	320	689	0	1864	1117	2134	93204	21271	0.171	
C:\Data\MAYLE2021\LOMA-SUAREZ_V2\LOMA-SUAREZ_18-62cm\XRF data\L000028.spe	109.56	6.95	1	0.010265	-0.008803	0.010128	0.075074	98117	1.79	105	930	49	84	50	1154	8323	1210	0	9632	129	611	1183	283704	762	496	699	317	0	207	47	215	2633	2148	803	1077	0	30	25	42	158	6	308	308	194	1254	2080	120	281	807	289	1839	1190	2585	92576	21820	0.171	
C:\Data\MAYLE2021\LOMA-SUAREZ_V2\LOMA-SUAREZ_18-62cm\XRF data\L000029.spe	111.56	6.95	1	0.010265	-0.008803	0.010128	0.075074	99017	1.73	107	906	54	99	15	1081	8480	1098	7	9626	277	664	1178	291439	707	430	627	432	0	0	7	0	2664	2174	530	1420	48	61	33	23	279	7	192	233	194	1099	2004	307	188	1034	60	1706	1212	2448	90015	21225	0.170	
C:\Data\MAYLE2021\LOMA-SUAREZ_V2\LOMA-SUAREZ_18-62cm\XRF data\L000030.spe	113.56	6.95	1	0.010265	-0.008803	0.010128	0.075074	97791	1.78	122	973	48	49	41	1154	8239	1120	0	9793	89	599	1155	286718	646	529	665	406	31	245	288	63	2970	2182	598	1586	0	36	42	0	231	0	261	276	187	1035	2020	124	203	1216	0	1595	1116	2654	88644	21382	0.169	
C:\Data\MAYLE2021\LOMA-SUAREZ_V2\LOMA-SUAREZ_18-62cm\XRF data\L000031.spe	115.56	6.95	1	0.010265	-0.008803	0.010128	0.075074	97750	1.67	110	936	30	50	25	1035	8766	1183	43	9801	246	743	1232	281557	705	586	681	388	0	0	0	99	2747	2184	796	1533	22	37	32	32	318	10	199	206	281	1137	2102	305	144	750	0	1731	1189	1990	90065	21401	0.170	
C:\Data\MAYLE2021\LOMA-SUAREZ_V2\LOMA-SUAREZ_18-62cm\XRF data\L000032.spe	117.56	6.96	1	0.010265	-0.008803	0.010128	0.075074	97213	1.82	144	944	42	41	0	1080	8688	1191	0	10000	215	685	1160	276335	625	428	772	281	0	192	0	67	3091	2129	937	1382	29	70	17	0	181	29	229	240	170	1193	2108	264	299	983	0	1813	1084	2351	91506	21523	0.171	
C:\Data\MAYLE2021\LOMA-SUAREZ_V2\LOMA-SUAREZ_18-62cm\XRF data\L000033.spe	119.56	6.95	1	0.010265	-0.008803	0.010128	0.075074	98982	1.72	108	1001	0	66	16	1155	8899	1244	0	9944	236	647	1134	279364	579	471	702	160	0	0	45	0	2511	2187	879	1222	9	22	31	0	274	38	241	229	186	1208	1999	190	374	653	193	1778	1120	1932	92950	21970	0.173	
C:\Data\MAYLE2021\LOMA-SUAREZ_V2\LOMA-SUAREZ_18-62cm\XRF data\L000034.spe	121.56	6.95	1	0.010265	-0.008803	0.010128	0.075074	96825	1.85	85	904	20	96	21	1175	8595	1076	0	9569	118	609	1097	268508	652	422	667	316	0	0	89	118	2742	1770	589	1232	15	109	46	19	313	14	177	275	225	1103	1987	307	271	518	0	1568	1118	2611	92624	21641	0.172	
C:\Data\MAYLE2021\LOMA-SUAREZ_V2\LOMA-SUAREZ_18-62cm\XRF data\L000035.spe	123.56	6.95	1	0.010265	-0.008803	0.010128	0.075074	91445	1.82	101	1029	14	28	14	1132	8346	988	0	10593	101	645	1076	248134	729	415	764	331	0	205	0	8	2587	2110	691	1402	9	6	49	6	251	0	245	211	135	1158	2113	192	169	589	0	1500	1080	2608	89625	20973	0.168	
C:\Data\MAYLE2021\LOMA-SUAREZ_V2\LOMA-SUAREZ_18-62cm\XRF data\L000036.spe	125.56	6.94	1	0.010265	-0.008803	0.010128	0.075074	89358	1.66	140	973	8	59	32	1185	8159	929	0	10830	89	559	1062	236771	736	436	800	313	0	60	21	148	2835	2113	734	1329	27	19	81	32	231	47	207	203	173	1154	1998	305	64	732	74	1428	976	2117	88757	21406	0.168	
C:\Data\MAYLE2021\LOMA-SUAREZ_V2\LOMA-SUAREZ_18-62cm\XRF data\L000037.spe	127.56	6.94	1	0.010265	-0.008803	0.010128	0.075074	89987	1.68	93	895	19	48	6	1174	7842	951	0	10112	129	495	1087	238110	567	463	712	352	0	162	29	116	2888	2013	756	1513	15	35	45	0	278	0	176	254	180	1175	2078	110	355	775	0	1503	949	2051	89807	21220	0.169	
C:\Data\MAYLE2021\LOMA-SUAREZ_V2\LOMA-SUAREZ_18-62cm\XRF data\L000038.spe	129.56	6.93	1	0.010265	-0.008803	0.010128	0.075074	91243	1.57	132	882	34	46	42	1213	7792	900	20	9610	300	610	1001	244271	650	413	506	300	160	47	107	152	2909	2184	754	1420	22	30	72	0	267	34	173	190	146	1133	2145	452	291	588	149	1524	1032	2265	90458	20875	0.168	
C:\Data\MAYLE2021\LOMA-SUAREZ_V2\LOMA-SUAREZ_18-62cm\XRF data\L000039.spe	131.56	6.93	1	0.010265	-0.008803	0.010128	0.075074	94666	1.67	149	996	26	78	33	1142	7961	1020	0	9775	248	604	1117	260212	637	484	719	383	6	82	0	80	2918	2015	838	1292	0	26	35	0	255	0	153	244	190	1121	2020	275	330	576	0	1757	1038	2182	91240	21658	0.170	
C:\Data\MAYLE2021\LOMA-SUAREZ_V2\LOMA-SUAREZ_18-62cm\XRF data\L000040.spe	133.56	6.93	1	0.010265	-0.008803	0.010128	0.075074	94478	1.71	102	850	12	110	35	1255	7668	1056	0	9482	139	641	1150	265503	680	518	574	321	0	207	67	45	2689	1865	689	1398	25	36	55	11	150	0	280	249	187	1034	2135	232	167	718	0	1827	1045	2044	90056	20918	0.169	
C:\Data\MAYLE2021\LOMA-SUAREZ_V2\LOMA-SUAREZ_18-62cm\XRF data\L000041.spe	135.56	6.93	1	0.010265	-0.008803	0.010128	0.075074	93883	1.64	114	896	37	48	25	1142	7738	1071	0	10043	107	589	1152	265227	637	422	680	311	11	337	66	170	2553	2070	802	1138	0	96	0	30	182	35	238	260	152	1227	2084	170	315	934	122	1678	1038	2288	88355	20681	0.167	
C:\Data\MAYLE2021\LOMA-SUAREZ_V2\LOMA-SUAREZ_18-62cm\XRF data\L000042.spe	137.56	6.93	1	0.010265	-0.008803	0.010128	0.075074	85630	1.69	92	958	18	66	25	1192	7817	884	0	10315	172	574	1042	243479	693	376	593	320	0	121	70	0	2666	1842	563	1233	8	15	69	13	246	19	225	206	173	1074	1854	236	207	396	0	1555	1109	1970	80203	19709	0.160	
C:\Data\MAYLE2021\LOMA-SUAREZ_V2\LOMA-SUAREZ_18-62cm\XRF data\L000043.spe	139.56	6.93	1	0.010265	-0.008803	0.010128	0.075074	84797	1.46	148	974	57	37	30	1067	8042	897	0	11160	200	608	1054	237420	691	344	618	357	0	0	100	116	2813	2055	764	1769	4	21	44	0	196	15	224	170	185	981	2071	322	173	638	0	1488	953	2163	78776	19780	0.160	
C:\Data\MAYLE2021\LOMA-SUAREZ_V2\LOMA-SUAREZ_18-62cm\XRF data\L000044.spe	141.56	6.96	1	0.010265	-0.008803	0.010128	0.075074	86577	1.60	88	1181	26	12	48	1182	9153	991	10	12664	314	599	1062	247533	663	439	784	352	15	16	55	97	2834	2314	791	1659	18	0	77	40	365	0	224	240	255	1037	2090	302	220	543	0	1533	1037	2166	77489	20099	0.159	
C:\Data\MAYLE2021\LOMA-SUAREZ_V2\LOMA-SUAREZ_18-62cm\XRF data\L000045.spe	143.56	6.97	1	0.010265	-0.008803	0.010128	0.075074	86399	1.66	96	1277	42	25	18	1166	9675	1076	12	12871	152	606	1241	245485	652	438	862	379	0	60	123	76	2944	2439	1008	1907	14	82	6	23	311	23	300	268	159	1034	2100	305	365	725	0	1409	1009	2336	77018	19798	0.160	
C:\Data\MAYLE2021\LOMA-SUAREZ_V2\LOMA-SUAREZ_18-62cm\XRF data\L000046.spe	145.56	6.98	1	0.010265	-0.008803	0.010128	0.075074	88645	1.52	142	1242	0	58	25	1104	9653	1049	0	13172	171	651	1288	259526	690	470	837	427	0	0	40	95	3056	2621	828	1899	0	38	8	24	378	0	219	301	163	1017	2071	452	352	564	118	1726	1011	2085	78239	20591	0.160	
C:\Data\MAYLE2021\LOMA-SUAREZ_V2\LOMA-SUAREZ_18-62cm\XRF data\L000047.spe	147.56	6.99	1	0.010265	-0.008803	0.010128	0.075074	87532	1.66	137	1227	48	87	61	1170	9592	1020	0	12820	151	689	1224	251174	640	450	742	322	0	83	0	71	3203	2410	839	1620	0	73	44	61	441	67	224	309	227	1066	2088	231	350	178	0	1380	1080	2457	78604	20264	0.160	
C:\Data\MAYLE2021\LOMA-SUAREZ_V2\LOMA-SUAREZ_18-62cm\XRF data\L000048.spe	149.56	6.99	1	0.010265	-0.008803	0.010128	0.075074	88025	1.63	149	1264	14	92	0	1092	9451	961	0	13380	195	617	1217	253275	611	477	831	499	0	5	20	16	3009	2369	782	1818	0	87	11	27	303	20	260	242	161	1016	2266	272	205	606	0	1635	955	2145	78941	20298	0.160	
C:\Data\MAYLE2021\LOMA-SUAREZ_V2\LOMA-SUAREZ_18-62cm\XRF data\L000049.spe	151.56	7.00	1	0.010265	-0.008803	0.010128	0.075074	88552	1.65	133	1203	36	51	9	1090	9790	1104	0	12820	220	677	1242	257169	642	414	851	314	0	0	0	0	3458	2462	768	1653	0	102	0	37	305	0	227	257	171	1063	2127	493	251	674	0	1567	1066	2212	77924	20316	0.160	
C:\Data\MAYLE2021\LOMA-SUAREZ_V2\LOMA-SUAREZ_18-62cm\XRF data\L000050.spe	153.56	7.01	1	0.010265	-0.008803	0.010128	0.075074	88357	1.65	126	1200	20	43	20	1029	10074	1098	7	12894	224	673	1300	253596	667	420	877	480	0	0	0	62	3305	2383	826	1585	22	101	26	21	251	77	270	190	174	1086	2139	436	322	679	0	1553	923	2381	78149	20791	0.160	
C:\Data\MAYLE2021\LOMA-SUAREZ_V2\LOMA-SUAREZ_18-62cm\XRF data\L000051.spe	155.56	7.02	1	0.010265	-0.008803	0.010128	0.075074	89135	1.67	227	1303	0	68	53	1115	10230	1042	0	12737	145	597	1230	259558	712	550	833	410	0	0	122	118	3054	2328	806	1646	8	0	47	26	292	82	276	236	172	1000	2101	386	328	902	89	1682	1131	2164	79511	20449	0.161	
C:\Data\MAYLE2021\LOMA-SUAREZ_V2\LOMA-SUAREZ_18-62cm\XRF data\L000052.spe	157.56	7.03	1	0.010265	-0.008803	0.010128	0.075074	89023	1.70	168	1360	14	44	32	1109	10250	1129	26	12465	301	742	1296	256195	594	474	776	409	0	12	117	125	3033	2429	765	1540	7	77	35	44	401	38	202	245	195	1081	2152	208	289	712	16	1372	1152	2552	79943	20570	0.161	
C:\Data\MAYLE2021\LOMA-SUAREZ_V2\LOMA-SUAREZ_18-62cm\XRF data\L000053.spe	159.56	7.03	1	0.010265	-0.008803	0.010128	0.075074	91354	1.73	151	1331	22	50	15	1124	10025	1062	47	12878	241	718	1261	268125	653	427	813	367	5	37	6	35	3233	2429	905	1564	31	25	73	0	334	26	196	256	214	1070	2083	86	263	647	0	1857	1116	2131	80241	20565	0.162	
C:\Data\MAYLE2021\LOMA-SUAREZ_V2\LOMA-SUAREZ_18-62cm\XRF data\L000054.spe	161.56	7.03	1	0.010265	-0.008803	0.010128	0.075074	91183	1.67	111	1293	63	94	20	1083	10184	1003	0	12783	252	616	1407	267138	601	455	888	572	0	76	154	29	3374	2523	816	1703	11	29	105	28	347	0	239	266	208	1097	2122	365	323	633	46	1533	1158	2331	80393	20509	0.162	
C:\Data\MAYLE2021\LOMA-SUAREZ_V2\LOMA-SUAREZ_18-62cm\XRF data\L000055.spe	163.56	7.04	1	0.010265	-0.008803	0.010128	0.075074	88279	1.69	121	1269	14	45	0	1097	9910	1204	19	12402	251	707	1382	249516	715	525	901	381	17	99	0	232	3177	2666	1005	1754	39	62	57	22	397	18	237	214	228	1169	2102	342	350	768	245	1547	1059	2143	80347	20446	0.161	
C:\Data\MAYLE2021\LOMA-SUAREZ_V2\LOMA-SUAREZ_18-62cm\XRF data\L000056.spe	165.56	7.04	1	0.010265	-0.008803	0.010128	0.075074	87770	1.71	143	1270	37	80	31	1138	10259	1125	0	12083	217	641	1372	245644	699	514	990	485	0	0	33	118	3116	2676	765	1745	5	34	48	29	248	54	287	225	206	1032	2121	612	395	593	163	1802	982	2060	79953	20366	0.162	
C:\Data\MAYLE2021\LOMA-SUAREZ_V2\LOMA-SUAREZ_18-62cm\XRF data\L000057.spe	167.56	7.05	1	0.010265	-0.008803	0.010128	0.075074	85249	1.58	162	1256	45	45	46	1104	10369	1250	0	11793	233	642	1359	227936	664	571	968	435	33	123	97	0	3652	2488	759	1606	0	96	0	8	309	68	256	196	181	1110	2160	387	238	630	0	1494	913	1787	79276	20628	0.162	
C:\Data\MAYLE2021\LOMA-SUAREZ_V2\LOMA-SUAREZ_18-62cm\XRF data\L000058.spe	169.56	7.05	1	0.010265	-0.008803	0.010128	0.075074	88933	1.72	144	1208	24	14	6	1059	10662	1294	0	11938	356	763	1339	250316	657	582	945	478	0	0	0	14	3613	2399	821	1377	24	120	0	27	404	55	192	159	255	934	2168	411	392	698	0	1559	1087	2349	80441	20641	0.162	
C:\Data\MAYLE2021\LOMA-SUAREZ_V2\LOMA-SUAREZ_18-62cm\XRF data\L000059.spe	171.56	7.06	1	0.010265	-0.008803	0.010128	0.075074	89371	1.67	178	1204	50	29	31	1157	10722	1168	0	11691	186	654	1415	252194	771	595	917	521	0	0	31	84	3340	2445	774	1370	8	49	34	0	303	0	288	319	175	1014	2181	370	256	866	101	1463	955	2559	81171	20572	0.162	
C:\Data\MAYLE2021\LOMA-SUAREZ_V2\LOMA-SUAREZ_18-62cm\XRF data\L000060.spe	173.56	7.06	1	0.010265	-0.008803	0.010128	0.075074	89339	1.75	165	1209	55	65	45	1108	10800	1190	22	11311	223	792	1428	250757	723	556	1024	555	0	53	114	62	3226	2455	702	1251	13	18	90	0	364	48	220	239	194	1019	2119	370	296	854	313	1467	1127	2400	81547	20623	0.163	
C:\Data\MAYLE2021\LOMA-SUAREZ_V2\LOMA-SUAREZ_18-62cm\XRF data\L000061.spe	175.56	7.07	1	0.010265	-0.008803	0.010128	0.075074	86567	1.60	119	1202	0	46	61	1115	10743	1243	8	11249	193	697	1390	234169	686	566	925	458	0	42	28	0	3598	2453	878	1475	10	66	33	25	303	30	306	239	134	947	2055	330	301	621	0	1471	950	2287	81164	20789	0.163	
C:\Data\MAYLE2021\LOMA-SUAREZ_V2\LOMA-SUAREZ_18-62cm\XRF data\L000062.spe	177.56	7.07	1	0.010265	-0.008803	0.010128	0.075074	86098	1.67	159	1190	44	51	28	1089	9800	1098	26	12006	318	573	1304	234369	612	458	779	351	0	0	84	15	3378	2612	948	1546	9	84	46	26	319	33	261	185	174	1004	1901	270	188	518	0	1316	995	2146	81380	20766	0.162	
C:\Data\MAYLE2021\LOMA-SUAREZ_V2\LOMA-SUAREZ_18-62cm\XRF data\L000063.spe	179.56	7.08	1	0.010265	-0.008803	0.010128	0.075074	86122	1.63	101	1171	56	66	16	1183	10100	1203	0	11693	305	599	1368	224475	695	508	881	549	133	0	163	67	3684	2482	901	1434	28	65	0	8	303	107	273	180	190	1011	2054	500	353	479	0	1385	918	2215	83709	20775	0.164	
C:\Data\MAYLE2021\LOMA-SUAREZ_V2\LOMA-SUAREZ_18-62cm\XRF data\L000064.spe	181.56	7.08	1	0.010265	-0.008803	0.010128	0.075074	84729	1.52	152	1063	47	84	23	1165	10890	1353	0	9872	306	708	1483	210803	718	658	991	450	9	106	116	82	4229	2770	867	1161	0	76	0	43	360	45	210	200	185	1067	2059	318	331	629	0	1372	903	1844	83926	20886	0.164	
C:\Data\MAYLE2021\LOMA-SUAREZ_V2\LOMA-SUAREZ_18-62cm\XRF data\L000065.spe	183.56	7.08	1	0.010265	-0.008803	0.010128	0.075074	83041	1.52	173	1011	42	21	42	1132	10992	1250	0	9577	347	669	1406	207829	656	551	1168	533	66	0	178	157	3910	2557	705	1034	0	79	16	0	363	78	163	159	187	1001	1985	509	359	521	0	1158	894	1985	82144	20895	0.162	
C:\Data\MAYLE2021\LOMA-SUAREZ_V2\LOMA-SUAREZ_18-62cm\XRF data\L000066.spe	185.56	7.08	1	0.010265	-0.008803	0.010128	0.075074	83986	1.57	146	1152	13	35	13	1170	11166	1303	13	9901	288	738	1457	213194	771	611	1119	391	0	48	76	6	4145	2726	855	1185	32	135	38	10	324	67	303	180	144	1035	2082	542	423	560	0	1346	772	2160	81576	20400	0.162	
C:\Data\MAYLE2021\LOMA-SUAREZ_V2\LOMA-SUAREZ_18-62cm\XRF data\L000067.spe	187.56	7.08	1	0.010265	-0.008803	0.010128	0.075074	85531	1.57	213	1139	21	71	24	1092	11482	1440	0	10061	408	693	1430	217990	736	671	1066	596	102	44	62	77	4186	2379	791	1082	9	107	0	21	302	63	260	187	191	882	2046	337	346	549	0	1321	977	2153	82752	20856	0.164	
C:\Data\MAYLE2021\LOMA-SUAREZ_V2\LOMA-SUAREZ_18-62cm\XRF data\L000068.spe	189.56	7.08	1	0.010265	-0.008803	0.010128	0.075074	86802	1.47	201	1235	8	39	28	1032	11795	1359	62	10047	344	737	1549	221227	696	630	996	582	75	0	0	154	4312	2798	706	830	24	141	32	0	326	44	242	255	195	993	2078	453	259	737	0	1435	824	1861	84488	21054	0.165	
C:\Data\MAYLE2021\LOMA-SUAREZ_V2\LOMA-SUAREZ_18-62cm\XRF data\L000069.spe	191.56	7.07	1	0.010265	-0.008803	0.010128	0.075074	87169	1.63	178	1116	47	72	35	1187	11619	1361	10	9994	375	745	1695	231914	705	520	1002	510	0	9	17	0	4158	2665	817	758	25	55	61	24	349	76	243	206	136	1041	2066	386	315	612	0	1533	987	1860	82672	20772	0.164	
C:\Data\MAYLE2021\LOMA-SUAREZ_V2\LOMA-SUAREZ_18-62cm\XRF data\L000070.spe	193.56	7.05	1	0.010265	-0.008803	0.010128	0.075074	84072	1.52	113	1052	52	40	34	1105	10733	1284	0	9020	297	768	1402	213274	630	435	1044	529	97	119	0	17	4309	2514	671	1042	28	116	31	50	372	37	157	200	204	1090	1928	328	290	349	0	1437	898	1721	82343	20994	0.164	
C:\Data\MAYLE2021\LOMA-SUAREZ_V2\LOMA-SUAREZ_18-62cm\XRF data\L000071.spe	195.56	7.07	1	0.010265	-0.008803	0.010128	0.075074	86784	1.49	202	1237	35	52	24	1118	11945	1383	0	9982	308	665	1430	222817	619	439	983	517	0	0	115	71	4236	2780	752	1233	17	159	0	23	230	17	285	216	155	937	2049	483	440	877	74	1334	895	1992	83412	20931	0.164	
C:\Data\MAYLE2021\LOMA-SUAREZ_V2\LOMA-SUAREZ_18-62cm\XRF data\L000072.spe	197.56	7.08	1	0.010265	-0.008803	0.010128	0.075074	84992	1.58	135	1170	34	60	29	1127	11852	1210	39	9738	152	799	1504	213250	705	582	1019	522	0	46	0	163	4128	2785	655	916	18	7	73	0	370	0	203	220	180	1031	2046	338	404	684	0	1181	953	2189	83401	20853	0.164	
C:\Data\MAYLE2021\LOMA-SUAREZ_V2\LOMA-SUAREZ_18-62cm\XRF data\L000073.spe	199.56	7.07	1	0.010265	-0.008803	0.010128	0.075074	86367	1.59	160	1005	32	66	36	1248	11523	1405	34	9673	317	794	1478	221301	726	627	1179	427	77	17	56	94	4105	2643	564	1072	14	60	28	31	432	59	190	228	217	1120	2120	474	351	685	0	1331	972	2079	82192	20540	0.163	
C:\Data\MAYLE2021\LOMA-SUAREZ_V2\LOMA-SUAREZ_18-62cm\XRF data\L000074.spe	201.56	7.07	1	0.010265	-0.008803	0.010128	0.075074	85836	1.52	114	1042	16	59	35	1123	11368	1364	0	9600	382	714	1576	215472	719	521	994	499	45	15	211	42	4343	2695	561	1079	23	102	60	0	308	15	271	203	127	1067	2021	398	385	775	0	1370	859	1955	84139	21352	0.165	
C:\Data\MAYLE2021\LOMA-SUAREZ_V2\LOMA-SUAREZ_18-62cm\XRF data\L000075.spe	203.56	7.07	1	0.010265	-0.008803	0.010128	0.075074	86104	1.54	153	1007	7	61	29	1138	11494	1442	0	9843	303	766	1582	220633	823	553	1157	648	62	98	0	62	4100	2547	643	830	28	106	0	48	344	42	247	292	171	1019	2095	344	238	508	106	1487	934	1969	83580	20574	0.164	
C:\Data\MAYLE2021\LOMA-SUAREZ_V2\LOMA-SUAREZ_18-62cm\XRF data\L000076.spe	205.56	7.07	1	0.010265	-0.008803	0.010128	0.075074	84231	1.42	106	1013	44	72	24	1073	11800	1315	41	9832	331	734	1555	206592	753	595	1133	515	64	0	182	174	4065	2800	831	1191	14	0	102	26	271	12	280	224	203	1168	2105	561	482	729	392	1450	879	1738	83142	21090	0.164	
C:\Data\MAYLE2021\LOMA-SUAREZ_V2\LOMA-SUAREZ_18-62cm\XRF data\L000077.spe	207.56	7.08	1	0.010265	-0.008803	0.010128	0.075074	85916	1.49	126	938	45	60	24	1071	11787	1375	0	10003	313	792	1633	211362	682	671	1127	579	0	0	0	35	4386	2692	952	1068	38	142	23	23	343	33	250	201	226	1102	2137	483	291	626	17	1416	898	2101	84639	21501	0.165	
C:\Data\MAYLE2021\LOMA-SUAREZ_V2\LOMA-SUAREZ_18-62cm\XRF data\L000078.spe	209.56	7.08	1	0.010265	-0.008803	0.010128	0.075074	85582	1.62	166	1110	55	40	32	1055	11697	1376	8	9844	338	700	1553	213851	800	612	1243	500	0	110	48	0	4324	2636	889	1188	23	76	33	17	253	36	287	257	203	1093	2361	363	291	766	0	1465	1075	1780	83300	21325	0.164	
C:\Data\MAYLE2021\LOMA-SUAREZ_V2\LOMA-SUAREZ_18-62cm\XRF data\L000079.spe	211.56	7.08	1	0.010265	-0.008803	0.010128	0.075074	84844	1.52	181	1175	45	93	37	1144	12082	1376	5	9574	320	672	1622	210664	672	608	1122	415	153	0	65	10	4254	3030	806	1164	13	64	57	26	407	86	205	192	183	1151	2149	469	323	505	0	1589	885	1734	83480	21415	0.164	
C:\Data\MAYLE2021\LOMA-SUAREZ_V2\LOMA-SUAREZ_18-62cm\XRF data\L000080.spe	213.56	7.09	1	0.010265	-0.008803	0.010128	0.075074	86540	1.54	174	1237	47	67	22	1177	12168	1407	14	10059	415	776	1623	216767	729	595	1309	525	0	0	75	37	4332	2840	866	838	32	128	0	17	418	47	235	184	225	1183	2126	404	228	534	0	1226	926	2041	84198	21603	0.165	
C:\Data\MAYLE2021\LOMA-SUAREZ_V2\LOMA-SUAREZ_18-62cm\XRF data\L000081.spe	215.56	7.09	1	0.010265	-0.008803	0.010128	0.075074	86116	1.61	168	1186	31	65	0	1028	12299	1317	44	10031	343	755	1656	217474	585	551	1190	562	0	39	0	0	4576	2523	672	1103	30	0	109	40	342	23	282	238	133	1041	1949	212	331	739	0	1389	920	2060	83531	21000	0.164	
C:\Data\MAYLE2021\LOMA-SUAREZ_V2\LOMA-SUAREZ_18-62cm\XRF data\L000082.spe	217.56	7.09	1	0.010265	-0.008803	0.010128	0.075074	86453	1.55	220	1300	10	100	42	1154	12367	1440	30	10097	223	775	1622	218076	669	624	1045	464	0	0	0	184	4066	2794	771	1098	20	86	75	47	373	61	280	265	216	1100	2114	541	279	500	270	1302	926	2235	83360	21207	0.165	
C:\Data\MAYLE2021\LOMA-SUAREZ_V2\LOMA-SUAREZ_18-62cm\XRF data\L000083.spe	219.56	7.09	1	0.010265	-0.008803	0.010128	0.075074	87244	1.53	157	1332	40	61	22	1079	12791	1393	7	10443	440	850	1655	219465	792	596	1224	652	139	0	31	166	4458	2845	669	1169	33	18	38	80	386	78	208	221	226	1076	2224	472	163	531	31	1535	943	1813	83446	20895	0.166	
C:\Data\MAYLE2021\LOMA-SUAREZ_V2\LOMA-SUAREZ_18-62cm\XRF data\L000084.spe	221.56	7.09	1	0.010265	-0.008803	0.010128	0.075074	88359	1.67	157	1350	32	37	0	1056	12679	1499	13	10467	340	810	1699	223580	778	634	1300	468	36	168	115	0	4454	2718	707	941	41	88	58	8	448	78	160	181	224	1164	2168	386	323	713	0	1497	955	2025	85366	21357	0.166	
C:\Data\MAYLE2021\LOMA-SUAREZ_V2\LOMA-SUAREZ_18-62cm\XRF data\L000085.spe	223.56	7.08	1	0.010265	-0.008803	0.010128	0.075074	88315	1.48	171	1261	62	71	22	1071	12884	1508	0	10639	311	804	1642	220651	768	680	1315	507	43	156	113	0	4033	3007	848	1142	37	18	41	62	302	57	320	207	163	1205	2243	319	337	755	369	1498	965	2035	86112	21464	0.167	
C:\Data\MAYLE2021\LOMA-SUAREZ_V2\LOMA-SUAREZ_18-62cm\XRF data\L000086.spe	225.56	7.08	1	0.010265	-0.008803	0.010128	0.075074	88382	1.59	160	1178	15	26	36	1138	12470	1374	31	10092	368	745	1500	222576	857	642	1238	555	43	48	136	0	4293	2830	801	916	0	0	111	0	397	16	187	216	208	1199	2206	506	457	392	0	1425	947	2103	86257	21565	0.166	
C:\Data\MAYLE2021\LOMA-SUAREZ_V2\LOMA-SUAREZ_18-62cm\XRF data\L000087.spe	227.56	7.07	1	0.010265	-0.008803	0.010128	0.075074	86899	1.47	164	1167	34	76	25	1065	12284	1418	9	10553	370	707	1634	215690	719	706	1302	612	0	10	29	26	4207	2682	743	1055	19	0	157	9	285	57	245	191	201	1191	2194	400	344	698	6	1343	875	2041	85226	21567	0.166	
C:\Data\MAYLE2021\LOMA-SUAREZ_V2\LOMA-SUAREZ_18-62cm\XRF data\L000088.spe	229.56	7.06	1	0.010265	-0.008803	0.010128	0.075074	85048	1.57	175	1252	0	47	23	1156	12175	1352	0	10216	369	677	1585	204949	715	636	1147	478	11	0	15	95	4200	2787	548	1029	0	131	49	0	295	76	280	183	106	1062	2112	317	348	755	77	1142	869	2023	84763	21265	0.166	
C:\Data\MAYLE2021\LOMA-SUAREZ_V2\LOMA-SUAREZ_18-62cm\XRF data\L000089.spe	231.56	7.06	1	0.010265	-0.008803	0.010128	0.075074	85123	1.60	158	1316	27	50	8	1133	11998	1317	9	10186	250	727	1506	207194	752	671	1184	617	150	151	80	121	4344	2891	795	1141	18	16	91	0	326	31	219	247	228	1048	2085	312	342	587	0	1538	845	1567	83895	21514	0.165	
C:\Data\MAYLE2021\LOMA-SUAREZ_V2\LOMA-SUAREZ_18-62cm\XRF data\L000090.spe	233.56	7.07	1	0.010265	-0.008803	0.010128	0.075074	85148	1.54	160	1237	61	89	68	1124	11933	1382	4	10018	350	830	1572	206947	717	629	1166	506	63	0	135	53	4408	2849	938	927	30	61	53	54	477	55	193	228	171	969	2141	490	430	589	0	1362	892	1743	85770	21377	0.166	
C:\Data\MAYLE2021\LOMA-SUAREZ_V2\LOMA-SUAREZ_18-62cm\XRF data\L000091.spe	235.56	7.06	1	0.010265	-0.008803	0.010128	0.075074	84106	1.53	182	1264	33	47	13	1149	11622	1288	26	9868	353	612	1590	197247	742	675	1109	569	76	160	0	45	4247	2766	935	1040	48	22	81	0	304	63	217	227	122	1075	2002	381	344	432	0	1095	872	1846	85485	20942	0.166	
C:\Data\MAYLE2021\LOMA-SUAREZ_V2\LOMA-SUAREZ_18-62cm\XRF data\L000092.spe	237.56	7.06	1	0.010265	-0.008803	0.010128	0.075074	84554	1.59	152	1185	34	49	33	1213	11738	1482	26	9776	339	694	1605	203525	662	495	1103	397	0	33	77	0	4068	2782	893	1156	14	109	0	13	347	92	262	114	184	1099	1951	433	447	559	0	1348	863	1803	85071	20921	0.166	
C:\Data\MAYLE2021\LOMA-SUAREZ_V2\LOMA-SUAREZ_18-62cm\XRF data\L000093.spe	239.56	7.06	1	0.010265	-0.008803	0.010128	0.075074	84892	1.66	160	1122	45	52	33	1131	11705	1381	23	9665	504	672	1458	208893	635	633	1228	554	0	32	0	73	4392	2637	621	1092	16	87	60	22	355	40	245	167	214	1043	2016	341	389	737	0	1465	892	1544	84870	21108	0.165	
C:\Data\MAYLE2021\LOMA-SUAREZ_V2\LOMA-SUAREZ_18-62cm\XRF data\L000094.spe	241.56	7.05	1	0.010265	-0.008803	0.010128	0.075074	84842	1.57	138	1289	18	43	40	1159	11856	1313	0	9713	220	690	1520	207068	732	544	999	632	8	0	107	0	4607	2580	747	899	9	0	123	0	339	69	269	185	144	1014	2022	407	332	697	0	1322	899	1576	85449	21498	0.166	
C:\Data\MAYLE2021\LOMA-SUAREZ_V2\LOMA-SUAREZ_18-62cm\XRF data\L000095.spe	243.56	7.04	1	0.010265	-0.008803	0.010128	0.075074	84596	1.52	199	1188	29	42	23	1167	11629	1338	0	9682	352	706	1497	206164	727	577	1209	449	80	95	73	0	3968	2527	755	670	27	106	15	10	354	78	279	179	169	1171	1976	266	233	625	268	1307	835	1687	85228	21612	0.165	
C:\Data\MAYLE2021\LOMA-SUAREZ_V2\LOMA-SUAREZ_18-62cm\XRF data\L000096.spe	245.56	7.03	1	0.010265	-0.008803	0.010128	0.075074	84417	1.57	161	1254	10	42	20	1171	11683	1376	0	9832	358	677	1518	204704	767	526	1154	395	0	0	90	182	4105	2783	803	819	0	51	39	27	342	77	242	185	155	1118	1965	484	246	440	46	1280	874	2073	85002	21408	0.165	
C:\Data\MAYLE2021\LOMA-SUAREZ_V2\LOMA-SUAREZ_18-62cm\XRF data\L000097.spe	247.56	7.02	1	0.010265	-0.008803	0.010128	0.075074	84892	1.49	146	1206	43	78	28	1209	11639	1402	0	9498	435	764	1446	205824	737	634	1132	415	29	100	0	0	4629	2661	599	958	32	88	26	26	483	42	173	155	187	1121	1939	338	358	528	0	1372	926	1857	85097	21637	0.166	
C:\Data\MAYLE2021\LOMA-SUAREZ_V2\LOMA-SUAREZ_18-62cm\XRF data\L000098.spe	249.56	7.01	1	0.010265	-0.008803	0.010128	0.075074	84185	1.51	169	1115	16	35	0	1192	11521	1405	24	9462	349	689	1403	203332	710	592	1122	547	0	0	0	0	4196	2808	790	1009	38	74	0	34	455	12	200	226	166	1052	2191	400	292	493	0	1380	738	1715	84757	21213	0.166	
C:\Data\MAYLE2021\LOMA-SUAREZ_V2\LOMA-SUAREZ_18-62cm\XRF data\L000099.spe	251.56	6.99	1	0.010265	-0.008803	0.010128	0.075074	85288	1.53	174	1132	53	57	37	1239	11790	1277	32	9865	407	734	1408	208198	746	581	1230	378	0	0	0	0	3999	2542	743	918	7	0	111	16	294	15	268	229	159	1128	2132	545	203	467	14	1472	839	1934	84977	21608	0.165	
C:\Data\MAYLE2021\LOMA-SUAREZ_V2\LOMA-SUAREZ_18-62cm\XRF data\L000100.spe	253.56	6.98	1	0.010265	-0.008803	0.010128	0.075074	85146	1.54	132	1014	0	38	44	1146	11798	1418	0	9497	417	673	1444	210410	715	664	1189	405	83	43	111	23	4448	2814	700	1182	0	53	0	24	323	33	275	157	126	1009	1938	439	276	664	0	1371	834	1860	84363	21582	0.165	
C:\Data\MAYLE2021\LOMA-SUAREZ_V2\LOMA-SUAREZ_18-62cm\XRF data\L000101.spe	255.56	6.96	1	0.010265	-0.008803	0.010128	0.075074	87837	1.54	116	1097	0	35	12	1152	12166	1295	10	9754	349	690	1524	221628	687	627	1181	568	7	110	186	23	4237	2663	653	1048	9	26	49	7	304	14	273	215	155	1016	2070	494	278	750	0	1490	875	1857	84889	21469	0.167	
C:\Data\MAYLE2021\LOMA-SUAREZ_V2\LOMA-SUAREZ_18-62cm\XRF data\L000102.spe	257.56	6.95	1	0.010265	-0.008803	0.010128	0.075074	84357	1.57	91	1026	38	78	29	1190	11253	1330	26	9676	333	631	1465	210964	724	630	1134	488	0	188	37	154	4331	2651	711	760	12	67	60	0	349	70	249	165	135	940	2047	320	424	682	0	1320	882	2097	83373	21273	0.164	
C:\Data\MAYLE2021\LOMA-SUAREZ_V2\LOMA-SUAREZ_18-62cm\XRF data\L000103.spe	259.56	6.93	1	0.010265	-0.008803	0.010128	0.075074	84054	1.48	171	1199	29	47	32	1091	11741	1397	0	9508	393	734	1405	213945	706	690	1151	399	0	83	0	0	4219	2570	738	947	30	78	56	14	409	62	197	197	167	1089	2088	355	377	691	0	1384	905	1739	81745	21283	0.163	
C:\Data\MAYLE2021\LOMA-SUAREZ_V2\LOMA-SUAREZ_18-62cm\XRF data\L000104.spe	261.56	6.92	1	0.010265	-0.008803	0.010128	0.075074	84922	1.51	189	1136	40	30	33	1082	12365	1456	0	9976	284	828	1543	215879	619	750	1194	581	0	152	59	36	4335	2858	793	837	13	78	14	10	345	46	176	192	165	982	2073	265	346	623	0	1379	804	1780	82326	21448	0.163	
C:\Data\MAYLE2021\LOMA-SUAREZ_V2\LOMA-SUAREZ_18-62cm\XRF data\L000105.spe	263.56	6.91	1	0.010265	-0.008803	0.010128	0.075074	83863	1.54	135	1195	4	30	27	1140	11687	1403	0	9717	282	693	1447	209259	708	577	1212	634	0	92	112	71	4318	2912	710	715	12	95	43	0	354	92	199	200	145	1064	2096	415	362	561	0	1449	780	1935	81544	21479	0.163	
C:\Data\MAYLE2021\LOMA-SUAREZ_V2\LOMA-SUAREZ_18-62cm\XRF data\L000106.spe	265.56	6.90	1	0.010265	-0.008803	0.010128	0.075074	86028	1.58	160	1134	38	47	49	1117	11985	1355	22	9989	240	718	1457	214546	669	737	1259	510	9	0	118	100	4406	2915	629	1171	28	60	64	7	356	44	241	223	173	972	2072	427	304	694	64	1357	914	2050	83595	21580	0.164	
C:\Data\MAYLE2021\LOMA-SUAREZ_V2\LOMA-SUAREZ_18-62cm\XRF data\L000107.spe	267.56	6.89	1	0.010265	-0.008803	0.010128	0.075074	88432	1.59	100	1154	79	52	26	1182	12311	1413	0	10172	373	786	1469	224409	775	640	1117	534	0	79	0	45	4582	3145	923	1078	23	18	67	37	408	23	234	209	214	1189	2138	442	249	437	0	1617	817	1743	85888	21717	0.166	
C:\Data\MAYLE2021\LOMA-SUAREZ_V2\LOMA-SUAREZ_18-62cm\XRF data\L000108.spe	269.56	6.87	1	0.010265	-0.008803	0.010128	0.075074	86026	1.56	127	1073	0	68	10	1125	11575	1424	0	9858	364	738	1442	217178	712	573	1267	564	30	0	97	69	4410	2677	872	1070	11	120	11	0	353	44	268	203	191	1155	2201	533	392	498	0	1326	862	2230	85589	21221	0.165	
C:\Data\MAYLE2021\LOMA-SUAREZ_V2\LOMA-SUAREZ_18-62cm\XRF data\L000109.spe	271.56	6.85	1	0.010265	-0.008803	0.010128	0.075074	81989	1.51	173	840	6	53	27	1158	10842	1395	0	9119	412	705	1270	205127	622	626	1059	546	0	81	100	6	3914	2722	917	1160	21	83	41	11	370	29	175	163	222	1005	2075	304	417	446	0	1324	682	1694	81462	20866	0.163	
C:\Data\MAYLE2021\LOMA-SUAREZ_V2\LOMA-SUAREZ_18-62cm\XRF data\L000110.spe	273.56	6.84	1	0.010265	-0.008803	0.010128	0.075074	82379	1.51	169	1005	0	63	22	1137	10705	1256	33	9057	364	717	1186	206786	637	572	994	468	0	24	108	5	3965	2644	851	972	24	42	69	36	417	45	152	177	178	995	1900	268	185	479	0	1349	682	1760	81205	20718	0.163	
C:\Data\MAYLE2021\LOMA-SUAREZ_V2\LOMA-SUAREZ_18-62cm\XRF data\L000111.spe	275.56	6.82	1	0.010265	-0.008803	0.010128	0.075074	85863	1.54	193	1292	30	40	41	1157	11661	1433	0	9975	267	746	1377	219653	702	640	1237	598	23	0	0	63	4051	2731	693	928	24	40	72	35	329	35	255	226	185	1108	2033	667	357	401	0	1354	1009	1880	83850	21218	0.164	
C:\Data\MAYLE2021\LOMA-SUAREZ_V2\LOMA-SUAREZ_18-62cm\XRF data\L000112.spe	277.56	6.80	1	0.010265	-0.008803	0.010128	0.075074	88383	1.57	188	1270	62	57	35	1095	12173	1489	11	10169	352	691	1355	231659	675	618	1103	505	17	0	11	0	4197	2555	749	1316	23	151	0	34	400	0	223	255	205	1046	2012	578	379	609	0	1312	935	2164	83212	21257	0.165	
C:\Data\MAYLE2021\LOMA-SUAREZ_V2\LOMA-SUAREZ_18-62cm\XRF data\L000113.spe	279.56	6.79	1	0.010265	-0.008803	0.010128	0.075074	88245	1.59	192	1273	11	47	32	1227	12152	1312	20	10004	268	720	1285	230600	667	651	1122	559	51	142	44	46	4120	2536	733	1006	0	0	137	12	314	44	208	185	197	1146	1995	289	302	658	0	1532	996	1995	83857	21385	0.166	
C:\Data\MAYLE2021\LOMA-SUAREZ_V2\LOMA-SUAREZ_18-62cm\XRF data\L000114.spe	281.56	6.78	1	0.010265	-0.008803	0.010128	0.075074	88655	1.62	154	1241	41	52	18	1164	11731	1422	31	9830	284	751	1199	232045	623	625	1102	525	66	153	84	20	4220	2591	762	1010	38	52	49	11	391	42	238	186	222	1007	1990	340	235	565	0	1736	891	1757	84950	21612	0.166	
C:\Data\MAYLE2021\LOMA-SUAREZ_V2\LOMA-SUAREZ_18-62cm\XRF data\L000115.spe	283.56	6.75	1	0.010265	-0.008803	0.010128	0.075074	92513	1.65	140	1307	25	59	0	1092	12151	1322	25	10276	393	782	1205	248733	734	571	1065	492	0	27	0	73	4068	2855	871	1098	42	94	76	26	387	0	207	258	193	1064	2220	511	322	414	147	1684	989	1901	88358	21638	0.167	
C:\Data\MAYLE2021\LOMA-SUAREZ_V2\LOMA-SUAREZ_18-62cm\XRF data\L000116.spe	285.56	6.73	1	0.010265	-0.008803	0.010128	0.075074	93982	1.77	202	1302	21	32	34	1060	11795	1323	0	10439	304	731	1151	258160	736	563	1166	481	0	51	42	0	4142	2504	664	963	15	62	36	0	365	0	257	317	212	1243	2189	339	261	811	35	1689	1170	2187	87542	21468	0.168	
C:\Data\MAYLE2021\LOMA-SUAREZ_V2\LOMA-SUAREZ_18-62cm\XRF data\L000117.spe	287.56	6.72	1	0.010265	-0.008803	0.010128	0.075074	90852	1.80	183	1222	29	33	13	1088	11099	1183	0	9522	272	739	1039	254583	669	588	1057	413	113	47	40	251	3904	2266	654	1112	5	13	84	0	282	75	218	166	141	1098	1947	347	327	887	0	1674	1077	1862	83378	20746	0.165	
C:\Data\MAYLE2021\LOMA-SUAREZ_V2\LOMA-SUAREZ_18-62cm\XRF data\L000118.spe	289.56	6.69	1	0.010265	-0.008803	0.010128	0.075074	92573	1.58	160	1462	24	67	32	1071	13126	1422	0	10564	416	819	1174	257185	744	620	1205	388	56	0	139	137	4126	2700	835	1227	15	0	138	0	375	77	176	178	240	1256	2257	472	344	680	192	1739	1094	2140	82654	21221	0.165	
C:\Data\MAYLE2021\LOMA-SUAREZ_V2\LOMA-SUAREZ_18-62cm\XRF data\L000119.spe	291.56	6.68	1	0.010265	-0.008803	0.010128	0.075074	91848	1.69	141	1296	59	55	33	1109	12771	1542	0	10412	405	717	1077	254441	707	491	1266	530	129	0	54	0	4492	2763	614	1176	27	32	64	43	319	68	306	212	162	1037	2066	693	385	852	0	1485	973	2139	83322	21317	0.165	
C:\Data\MAYLE2021\LOMA-SUAREZ_V2\LOMA-SUAREZ_18-62cm\XRF data\L000120.spe	293.56	6.66	1	0.010265	-0.008803	0.010128	0.075074	93122	1.63	215	1325	40	55	29	1059	13042	1445	12	10583	373	770	1057	257204	729	548	1285	473	0	148	21	27	4753	2705	761	1322	21	96	66	15	416	89	252	188	170	1110	2153	375	312	772	0	1608	988	1980	83404	21681	0.166	
C:\Data\MAYLE2021\LOMA-SUAREZ_V2\LOMA-SUAREZ_18-62cm\XRF data\L000121.spe	295.56	6.64	1	0.010265	-0.008803	0.010128	0.075074	92503	1.66	186	1335	40	62	32	1019	12858	1382	6	10802	326	707	1131	251205	631	534	1126	524	0	0	0	0	4537	2625	452	1244	30	103	60	37	351	34	297	233	145	1149	2194	383	300	767	0	1589	1099	2101	83330	21470	0.166	
C:\Data\MAYLE2021\LOMA-SUAREZ_V2\LOMA-SUAREZ_18-62cm\XRF data\L000122.spe	297.56	6.62	1	0.010265	-0.008803	0.010128	0.075074	92614	1.62	175	1319	42	45	43	1205	12911	1407	0	10897	366	811	1057	248737	714	560	1103	548	0	0	7	0	4476	2796	614	1174	14	6	139	39	332	73	270	258	194	1142	2077	239	239	729	0	1616	981	2098	85735	21910	0.167	
C:\Data\MAYLE2021\LOMA-SUAREZ_V2\LOMA-SUAREZ_18-62cm\XRF data\L000123.spe	299.56	6.59	1	0.010265	-0.008803	0.010128	0.075074	91773	1.61	187	1272	28	45	6	1097	12595	1373	10	10550	307	711	1046	247592	673	585	1170	515	147	180	146	0	4496	2749	667	1050	15	87	29	17	306	8	252	257	182	1079	2077	285	424	691	0	1466	1023	2154	85427	22166	0.166	
C:\Data\MAYLE2021\LOMA-SUAREZ_V2\LOMA-SUAREZ_18-62cm\XRF data\L000124.spe	301.56	6.56	1	0.010265	-0.008803	0.010128	0.075074	94853	1.60	175	1333	51	74	25	1034	12993	1471	18	10362	398	741	1028	261020	727	625	1246	508	0	45	0	61	4609	2760	819	1404	36	0	63	11	426	52	262	292	192	1109	2224	424	429	767	0	1652	998	2278	86531	21911	0.168	
C:\Data\MAYLE2021\LOMA-SUAREZ_V2\LOMA-SUAREZ_18-62cm\XRF data\L000125.spe	303.56	6.51	1	0.010265	-0.008803	0.010128	0.075074	95458	1.64	189	1316	32	36	99	1095	12962	1446	0	10656	324	749	1029	264089	780	584	1133	496	12	114	174	92	4586	2760	601	1197	9	51	72	15	377	72	277	267	168	1155	2083	214	363	1036	0	1667	1066	2163	86338	22177	0.168	
C:\Data\MAYLE2021\LOMA-SUAREZ_V2\LOMA-SUAREZ_18-62cm\XRF data\L000126.spe	305.56	6.52	1	0.010265	-0.008803	0.010128	0.075074	89396	1.72	139	1204	26	79	58	1103	12031	1438	23	9896	332	711	1011	231533	734	663	1206	517	80	0	19	0	4199	2695	751	1091	23	40	62	30	345	54	255	231	220	1066	2171	481	372	521	0	1346	896	1738	85070	21517	0.167	
C:\Data\MAYLE2021\LOMA-SUAREZ_V2\LOMA-SUAREZ_18-62cm\XRF data\L000127.spe	307.56	6.51	1	0.010265	-0.008803	0.010128	0.075074	89175	1.60	178	1265	32	60	38	1144	11735	1333	14	9642	319	640	937	225167	632	610	1066	380	38	42	0	0	4444	2710	767	1239	5	87	39	10	419	0	225	235	155	1141	2030	458	435	637	0	1540	895	1833	87371	22168	0.168	
C:\Data\MAYLE2021\LOMA-SUAREZ_V2\LOMA-SUAREZ_18-62cm\XRF data\L000128.spe	309.56	6.49	1	0.010265	-0.008803	0.010128	0.075074	90447	1.51	184	1219	25	62	0	988	11401	1312	0	9582	271	635	903	228744	765	701	1141	443	0	0	112	84	4094	2389	784	1397	33	25	55	0	450	60	198	209	143	1144	2129	431	503	653	0	1509	963	2068	89753	21987	0.170	
C:\Data\MAYLE2021\LOMA-SUAREZ_V2\LOMA-SUAREZ_18-62cm\XRF data\L000129.spe	311.56	6.48	1	0.010265	-0.008803	0.010128	0.075074	90127	1.59	173	1123	33	46	59	1125	10442	1176	0	9517	271	675	858	222172	719	612	865	461	27	0	60	51	3647	2466	631	1424	22	104	36	33	351	58	257	188	154	985	2052	428	380	825	0	1546	778	1853	90977	22432	0.171	
C:\Data\MAYLE2021\LOMA-SUAREZ_V2\LOMA-SUAREZ_18-62cm\XRF data\L000130.spe	313.56	6.47	1	0.010265	-0.008803	0.010128	0.075074	91735	1.56	157	969	51	53	22	1208	9678	1140	13	9524	300	645	792	227741	696	573	790	330	0	0	0	0	3358	2321	747	1310	41	98	29	35	370	89	191	137	125	1100	1986	462	448	651	0	1534	952	1656	92862	21721	0.173	
C:\Data\MAYLE2021\LOMA-SUAREZ_V2\LOMA-SUAREZ_18-62cm\XRF data\L000131.spe	315.56	6.45	1	0.010265	-0.008803	0.010128	0.075074	92462	1.71	154	993	49	53	78	1115	8947	1065	0	9115	163	566	725	231993	661	498	899	436	0	79	37	39	2911	2356	610	1455	0	76	32	34	356	0	228	346	124	1137	2166	234	255	794	253	1369	1000	2149	93733	21899	0.174	
C:\Data\MAYLE2021\LOMA-SUAREZ_V2\LOMA-SUAREZ_18-62cm\XRF data\L000132.spe	317.56	6.43	1	0.010265	-0.008803	0.010128	0.075074	93139	1.64	140	991	83	62	9	1133	8599	1047	0	9157	283	690	702	232748	712	494	774	380	45	0	0	105	3161	2274	772	1612	11	13	65	30	380	8	182	162	169	1069	2020	426	286	781	75	1451	1004	2227	95120	22265	0.174	
C:\Data\MAYLE2021\LOMA-SUAREZ_V2\LOMA-SUAREZ_18-62cm\XRF data\L000133.spe	319.56	6.42	1	0.010265	-0.008803	0.010128	0.075074	90113	1.59	168	830	49	46	17	1172	7879	928	0	8305	162	563	633	211441	688	455	737	287	0	12	0	0	3047	2250	783	1314	11	31	40	0	347	4	162	207	127	1044	1818	244	181	651	21	1231	864	2199	98893	23207	0.177	
C:\Data\MAYLE2021\LOMA-SUAREZ_V2\LOMA-SUAREZ_18-62cm\XRF data\L000134.spe	321.56	6.41	1	0.010265	-0.008803	0.010128	0.075074	64705	1.51	134	790	46	26	31	1233	6628	804	16	7160	131	346	3166	173239	548	481	640	286	124	0	0	116	2254	1745	638	922	22	35	64	17	233	95	187	155	99	702	1398	214	143	333	0	1156	727	1321	65536	14836	0.153	
C:\Data\MAYLE2021\LOMA-SUAREZ_V2\LOMA-SUAREZ_18-62cm\XRF data\L000135.spe	323.56	6.40	1	0.010265	-0.008803	0.010128	0.075074	77085	1.40	133	810	15	50	61	1164	6995	849	0	7642	327	510	3125	194052	495	442	715	306	4	73	75	19	2480	2102	722	1019	9	114	0	15	290	16	159	129	153	935	1701	183	364	847	221	1236	742	1695	81569	19160	0.163	
C:\Data\MAYLE2021\LOMA-SUAREZ_V2\LOMA-SUAREZ_18-62cm\XRF data\L000136.spe	325.56	6.38	1	0.010265	-0.008803	0.010128	0.075074	86384	1.64	146	904	32	13	20	1157	8298	1054	0	8715	156	607	1261	221704	644	477	675	401	0	143	0	117	3019	2146	742	1177	20	76	0	23	311	50	197	173	103	996	1829	127	439	674	309	1435	892	1979	88793	21051	0.167	
C:\Data\MAYLE2021\LOMA-SUAREZ_V2\LOMA-SUAREZ_18-62cm\XRF data\L000137.spe	327.56	6.38	1	0.010265	-0.008803	0.010128	0.075074	86112	1.68	121	925	40	50	33	1114	8305	1022	0	8618	129	544	759	217339	591	466	820	290	0	0	0	0	3138	1995	724	1071	21	0	75	0	290	45	178	217	107	1119	2054	393	139	322	0	1391	836	2117	89320	21207	0.168	
C:\Data\MAYLE2021\LOMA-SUAREZ_V2\LOMA-SUAREZ_18-62cm\XRF data\L000138.spe	329.56	6.38	1	0.010265	-0.008803	0.010128	0.075074	88206	1.51	130	938	23	26	33	1144	8226	939	31	8862	189	634	1644	221658	616	526	717	317	0	0	6	82	2698	1990	750	1133	30	0	100	19	263	0	203	231	152	1092	1982	439	298	775	356	1695	946	1768	91548	21297	0.170	
C:\Data\MAYLE2021\LOMA-SUAREZ_V2\LOMA-SUAREZ_18-62cm\XRF data\L000139.spe	331.56	6.38	1	0.010265	-0.008803	0.010128	0.075074	90111	1.57	117	907	46	37	21	1150	8220	1072	0	9148	166	604	2576	228347	667	400	750	309	0	0	0	26	3169	2338	743	1317	29	10	10	31	307	0	206	206	140	1131	2032	412	177	621	0	1463	918	1761	92210	21686	0.171	
C:\Data\MAYLE2021\LOMA-SUAREZ_V2\LOMA-SUAREZ_18-62cm\XRF data\L000140.spe	333.56	6.38	1	0.010265	-0.008803	0.010128	0.075074	89879	1.59	120	919	71	42	16	1129	8092	1048	23	8708	270	547	1552	228526	643	404	732	365	0	0	0	41	2794	2161	910	1106	43	47	22	29	380	20	183	224	164	1122	1994	461	321	530	504	1398	956	1990	92655	21674	0.170	
C:\Data\MAYLE2021\LOMA-SUAREZ_V2\LOMA-SUAREZ_18-62cm\XRF data\L000141.spe	335.56	6.39	1	0.010265	-0.008803	0.010128	0.075074	81351	1.58	86	850	0	46	50	1119	7163	851	0	7740	218	559	4217	199272	630	384	713	359	8	0	0	0	2698	1774	706	1149	0	23	37	33	257	27	149	155	121	1034	1793	399	274	543	0	1307	910	1860	85429	20392	0.165	
C:\Data\MAYLE2021\LOMA-SUAREZ_V2\LOMA-SUAREZ_18-62cm\XRF data\L000142.spe	337.56	6.40	1	0.010265	-0.008803	0.010128	0.075074	88759	1.61	69	955	39	9	29	1109	8471	944	0	9214	289	590	1453	230856	638	491	753	364	19	0	0	0	2873	2073	700	1255	0	0	79	0	294	0	207	252	171	1046	2063	307	213	545	0	1389	939	1945	89264	21230	0.168	
C:\Data\MAYLE2021\LOMA-SUAREZ_V2\LOMA-SUAREZ_18-62cm\XRF data\L000143.spe	339.56	6.41	1	0.010265	-0.008803	0.010128	0.075074	91406	1.58	106	1011	35	39	0	1085	8654	1105	0	9665	284	562	682	242343	612	436	788	464	6	87	6	0	3002	2063	623	1186	8	0	94	19	316	37	156	234	177	1051	1992	254	275	637	0	1401	1040	2370	90133	21474	0.169	
C:\Data\MAYLE2021\LOMA-SUAREZ_V2\LOMA-SUAREZ_18-62cm\XRF data\L000144.spe	341.56	6.41	1	0.010265	-0.008803	0.010128	0.075074	92843	1.66	124	1004	0	56	0	1043	9236	1097	0	9953	334	599	734	247630	642	515	780	454	0	0	118	48	2908	2197	871	1535	24	84	0	20	337	0	234	178	186	1016	2194	320	370	667	255	1448	1161	2182	90211	21433	0.169	
C:\Data\MAYLE2021\LOMA-SUAREZ_V2\LOMA-SUAREZ_18-62cm\XRF data\L000145.spe	343.56	6.42	1	0.010265	-0.008803	0.010128	0.075074	91295	1.49	97	968	25	36	0	1045	8916	1093	29	9535	270	579	702	238964	646	518	813	356	37	17	104	0	3099	2276	705	1535	33	65	39	0	261	35	247	170	189	1123	2074	271	376	577	0	1540	1060	2070	90840	21571	0.170	
C:\Data\MAYLE2021\LOMA-SUAREZ_V2\LOMA-SUAREZ_18-62cm\XRF data\L000146.spe	345.56	6.43	1	0.010265	-0.008803	0.010128	0.075074	91640	1.66	105	951	49	26	58	1072	9068	1064	0	10028	173	714	807	241974	729	478	902	326	0	15	63	162	2684	2244	723	1597	0	80	0	15	364	20	208	185	203	1207	2054	238	227	642	561	1520	961	2000	89822	21274	0.170	
C:\Data\MAYLE2021\LOMA-SUAREZ_V2\LOMA-SUAREZ_18-62cm\XRF data\L000147.spe	347.56	6.45	1	0.010265	-0.008803	0.010128	0.075074	92065	1.60	123	1015	24	51	38	1112	9242	1051	0	10161	330	632	755	243216	602	486	795	371	0	0	32	23	3215	2148	687	1456	0	88	17	26	258	0	232	250	168	1131	2058	344	209	528	0	1608	1059	1938	90347	21404	0.170	
C:\Data\MAYLE2021\LOMA-SUAREZ_V2\LOMA-SUAREZ_18-62cm\XRF data\L000148.spe	349.56	6.48	1	0.010265	-0.008803	0.010128	0.075074	80602	1.47	107	828	40	38	26	1160	6876	899	0	7876	199	503	625	202178	601	397	818	357	0	92	67	16	2635	2108	969	1319	0	77	10	27	328	21	142	128	150	960	1736	201	266	819	104	1188	1029	1821	84406	19941	0.164	
C:\Data\MAYLE2021\LOMA-SUAREZ_V2\LOMA-SUAREZ_18-62cm\XRF data\L000149.spe	351.56	6.48	1	0.010265	-0.008803	0.010128	0.075074	89212	1.63	101	1048	39	52	29	1025	8641	1176	0	9531	280	544	686	235874	697	431	807	317	108	47	0	0	2689	1963	596	1440	0	74	0	30	279	0	234	184	152	1189	1929	244	259	297	0	1566	999	1923	87198	21280	0.167	
C:\Data\MAYLE2021\LOMA-SUAREZ_V2\LOMA-SUAREZ_18-62cm\XRF data\L000150.spe	353.56	6.49	1	0.010265	-0.008803	0.010128	0.075074	92575	1.59	127	1044	56	27	33	1016	9159	1048	22	9868	294	713	787	246323	695	531	753	301	32	99	72	0	3198	2409	747	1332	9	0	105	0	351	0	237	202	201	1151	2001	289	135	639	128	1423	963	2185	90120	21490	0.169	
C:\Data\MAYLE2021\LOMA-SUAREZ_V2\LOMA-SUAREZ_18-62cm\XRF data\L000151.spe	355.56	6.51	1	0.010265	-0.008803	0.010128	0.075074	87933	1.53	111	960	0	30	21	1070	8816	985	0	9384	195	644	784	234194	611	414	822	411	0	0	61	4	2948	1912	492	1567	0	0	37	21	322	34	213	195	145	1121	2083	394	397	570	13	1453	920	2077	85820	20356	0.165	
C:\Data\MAYLE2021\LOMA-SUAREZ_V2\LOMA-SUAREZ_18-62cm\XRF data\L000152.spe	357.56	6.53	1	0.010265	-0.008803	0.010128	0.075074	81342	1.49	114	815	44	59	30	1029	7801	917	0	8237	156	637	797	214013	585	496	634	260	0	0	32	228	2503	2044	822	1662	32	0	44	54	420	7	128	187	159	1007	1909	506	350	369	174	1360	846	2108	80618	19794	0.161	
C:\Data\MAYLE2021\LOMA-SUAREZ_V2\LOMA-SUAREZ_18-62cm\XRF data\L000153.spe	359.56	6.56	1	0.010265	-0.008803	0.010128	0.075074	82039	1.42	142	857	27	43	27	1103	8085	1013	0	8784	193	613	1456	212283	592	343	676	379	0	168	24	37	3127	1981	683	1840	20	73	28	0	401	7	181	187	167	1097	1984	181	300	697	0	1212	879	2122	81816	20392	0.162	
C:\Data\MAYLE2021\LOMA-SUAREZ_V2\LOMA-SUAREZ_18-62cm\XRF data\L000154.spe	361.56	6.60	1	0.010265	-0.008803	0.010128	0.075074	84213	1.51	155	1141	40	38	48	1004	10169	1083	0	10157	270	642	978	222430	624	478	896	415	0	266	144	42	3191	2472	655	1301	0	66	10	23	531	57	77	212	189	1034	2182	133	131	575	0	1324	909	2193	80295	19734	0.160	
C:\Data\MAYLE2021\LOMA-SUAREZ_V2\LOMA-SUAREZ_18-62cm\XRF data\L000155.spe	363.56	6.63	1	0.010265	-0.008803	0.010128	0.075074	82132	1.60	151	1259	32	44	44	978	11734	1316	35	10336	308	647	1036	220537	584	460	1120	347	76	121	47	66	3892	2605	656	1310	31	121	0	28	407	45	222	298	205	1030	2058	302	441	604	0	1309	904	2038	75671	19977	0.158	
C:\Data\MAYLE2021\LOMA-SUAREZ_V2\LOMA-SUAREZ_18-62cm\XRF data\L000156.spe	365.56	6.66	1	0.010265	-0.008803	0.010128	0.075074	81412	1.57	231	1345	23	23	11	1008	12665	1238	26	10260	248	624	1084	220835	594	598	1137	678	0	0	192	0	4280	2957	850	1293	19	0	141	0	382	107	246	212	139	902	2133	554	382	397	0	1316	848	2053	73715	20014	0.156	
C:\Data\MAYLE2021\LOMA-SUAREZ_V2\LOMA-SUAREZ_18-62cm\XRF data\L000157.spe	367.56	6.68	1	0.010265	-0.008803	0.010128	0.075074	82352	1.51	193	1430	20	63	37	1040	12789	1458	39	10351	416	649	1181	220346	691	577	1133	568	21	20	58	0	4405	2829	569	1102	38	116	0	54	328	55	243	255	184	870	1996	478	357	496	0	1548	912	1847	74591	20372	0.158	
C:\Data\MAYLE2021\LOMA-SUAREZ_V2\LOMA-SUAREZ_18-62cm\XRF data\L000158.spe	369.56	6.70	1	0.010265	-0.008803	0.010128	0.075074	82333	1.49	191	1320	25	48	35	1045	12560	1356	21	10007	410	713	1190	222377	638	632	1106	501	75	0	0	119	4212	2579	701	1319	30	80	41	17	380	0	245	227	180	980	2032	599	271	631	0	1208	967	2175	75075	20645	0.157	
C:\Data\MAYLE2021\LOMA-SUAREZ_V2\LOMA-SUAREZ_18-62cm\XRF data\L000159.spe	371.56	6.71	1	0.010265	-0.008803	0.010128	0.075074	83377	1.64	171	1345	38	40	29	1055	12718	1333	0	10212	287	702	1143	226596	624	513	1204	481	10	0	0	137	4302	2726	805	1193	25	46	94	26	376	42	180	236	216	959	1962	514	359	495	0	1592	910	1801	76341	20502	0.158	
C:\Data\MAYLE2021\LOMA-SUAREZ_V2\LOMA-SUAREZ_18-62cm\XRF data\L000160.spe	373.56	6.72	1	0.010265	-0.008803	0.010128	0.075074	83549	1.49	196	1446	15	25	47	994	12624	1358	29	10224	339	663	1206	226703	707	626	1247	605	25	118	112	59	4138	2651	764	1189	0	129	35	20	410	17	204	219	208	909	2172	237	469	541	73	1449	1070	1945	75462	20538	0.158	
C:\Data\MAYLE2021\LOMA-SUAREZ_V2\LOMA-SUAREZ_18-62cm\XRF data\L000161.spe	375.56	6.73	1	0.010265	-0.008803	0.010128	0.075074	84633	1.65	153	1426	32	0	38	1050	12570	1371	0	10006	346	709	1232	230430	663	611	1236	581	0	249	0	0	4438	2788	746	1246	9	167	0	15	493	100	190	247	166	1028	2088	214	275	600	0	1448	888	2196	76459	20657	0.159	
C:\Data\MAYLE2021\LOMA-SUAREZ_V2\LOMA-SUAREZ_18-62cm\XRF data\L000162.spe	377.56	6.74	1	0.010265	-0.008803	0.010128	0.075074	84227	1.63	199	1401	17	31	17	1009	12518	1370	42	10328	354	656	1319	224513	645	509	1211	539	0	57	104	69	4474	2795	759	1401	16	83	38	22	354	8	228	232	193	1038	2194	541	394	670	0	1367	892	2157	76245	20457	0.160	
C:\Data\MAYLE2021\LOMA-SUAREZ_V2\LOMA-SUAREZ_18-62cm\XRF data\L000163.spe	379.56	6.75	1	0.010265	-0.008803	0.010128	0.075074	85571	1.51	131	1371	61	36	40	1026	12699	1500	17	10321	359	885	1341	229792	622	540	1133	573	37	289	49	9	4520	2796	672	1272	32	102	38	19	384	86	284	167	141	972	2146	296	256	641	0	1564	965	1978	77935	20683	0.160	
C:\Data\MAYLE2021\LOMA-SUAREZ_V2\LOMA-SUAREZ_18-62cm\XRF data\L000164.spe	381.56	6.76	1	0.010265	-0.008803	0.010128	0.075074	84617	1.57	184	1339	33	38	0	1024	12452	1419	0	9909	428	719	1368	224264	649	677	1246	576	0	28	119	0	4156	2722	756	907	30	100	13	18	426	40	158	189	147	958	2124	422	403	685	0	1264	1035	2140	77934	20919	0.161	
C:\Data\MAYLE2021\LOMA-SUAREZ_V2\LOMA-SUAREZ_18-62cm\XRF data\L000165.spe	383.56	6.76	1	0.010265	-0.008803	0.010128	0.075074	85541	1.48	197	1224	0	24	22	1054	12539	1546	26	10108	171	753	1356	226823	715	598	1293	369	0	0	80	110	4307	2801	610	1042	52	78	44	33	282	97	288	256	169	1089	2190	459	453	431	0	1492	938	1950	79223	21085	0.161	
C:\Data\MAYLE2021\LOMA-SUAREZ_V2\LOMA-SUAREZ_18-62cm\XRF data\L000166.spe	385.56	6.77	1	0.010265	-0.008803	0.010128	0.075074	85885	1.50	168	1190	47	58	24	1057	12474	1459	16	9803	401	754	1428	228784	711	496	1229	443	0	0	94	0	4521	2892	674	1133	10	91	42	51	369	58	229	280	144	1064	2087	426	369	489	0	1494	958	2151	80060	21126	0.161	
C:\Data\MAYLE2021\LOMA-SUAREZ_V2\LOMA-SUAREZ_18-62cm\XRF data\L000167.spe	387.56	6.78	1	0.010265	-0.008803	0.010128	0.075074	85225	1.64	170	1348	39	52	37	1016	12280	1468	20	9905	382	660	1431	224765	678	536	1191	386	32	123	79	146	4525	2865	681	916	39	114	17	5	343	67	267	210	168	1052	1976	443	377	673	0	1444	895	1951	79110	20697	0.160	
C:\Data\MAYLE2021\LOMA-SUAREZ_V2\LOMA-SUAREZ_18-62cm\XRF data\L000168.spe	389.56	6.79	1	0.010265	-0.008803	0.010128	0.075074	85638	1.60	180	1279	49	81	38	1032	12615	1423	0	9847	308	744	1446	227337	718	669	1337	488	34	43	191	79	4598	2977	505	1080	16	27	80	0	416	37	251	198	151	1004	2094	379	469	868	0	1224	1058	2544	78946	20806	0.161	
C:\Data\MAYLE2021\LOMA-SUAREZ_V2\LOMA-SUAREZ_18-62cm\XRF data\L000169.spe	391.56	6.80	1	0.010265	-0.008803	0.010128	0.075074	85856	1.64	133	1243	12	52	39	1004	12858	1497	11	10060	345	786	1448	228107	766	663	1414	597	0	250	28	0	4260	2728	644	837	24	107	21	14	311	17	285	267	170	1083	2159	295	447	729	33	1593	959	1856	79411	20553	0.161	
C:\Data\MAYLE2021\LOMA-SUAREZ_V2\LOMA-SUAREZ_18-62cm\XRF data\L000170.spe	393.56	6.80	1	0.010265	-0.008803	0.010128	0.075074	85976	1.55	123	1300	30	30	0	1019	12966	1456	48	9980	410	793	1482	227800	715	580	1267	524	7	134	100	28	4472	2790	752	1291	35	0	141	35	317	75	230	213	217	1050	2122	355	291	760	0	1473	924	2020	78252	20954	0.162	
C:\Data\MAYLE2021\LOMA-SUAREZ_V2\LOMA-SUAREZ_18-62cm\XRF data\L000171.spe	395.56	6.81	1	0.010265	-0.008803	0.010128	0.075074	86873	1.62	210	1290	24	56	25	1024	13025	1479	36	10119	365	688	1511	232616	654	578	1363	502	0	0	23	0	4466	2723	749	1352	24	11	112	16	358	0	275	284	197	1031	2143	490	341	584	0	1493	956	2293	79416	20797	0.162	
C:\Data\MAYLE2021\LOMA-SUAREZ_V2\LOMA-SUAREZ_18-62cm\XRF data\L000172.spe	397.56	6.81	1	0.010265	-0.008803	0.010128	0.075074	86855	1.47	215	1333	42	47	32	1070	13128	1467	10	10343	280	782	1543	228596	713	563	1337	443	0	0	0	32	4601	2795	796	1151	28	53	70	32	445	148	242	256	223	1152	2173	423	204	479	0	1347	900	2359	80157	20760	0.163	
C:\Data\MAYLE2021\LOMA-SUAREZ_V2\LOMA-SUAREZ_18-62cm\XRF data\L000173.spe	399.56	6.82	1	0.010265	-0.008803	0.010128	0.075074	86930	1.57	176	1381	36	53	45	1032	12818	1565	19	10075	356	729	1625	226145	778	668	1495	571	125	8	137	0	4690	2826	695	1078	0	173	27	32	428	72	298	252	149	994	2173	449	240	626	0	1542	1004	2106	81724	21145	0.163	
C:\Data\MAYLE2021\LOMA-SUAREZ_V2\LOMA-SUAREZ_18-62cm\XRF data\L000174.spe	401.56	6.81	1	0.010265	-0.008803	0.010128	0.075074	88833	1.50	211	1308	42	45	28	1005	12946	1486	31	9729	403	789	1520	230904	775	476	1435	319	0	273	186	68	4747	2827	641	1249	27	121	28	49	457	36	246	211	208	1319	2180	223	288	869	0	1466	904	2082	83058	21568	0.165	
C:\Data\MAYLE2021\LOMA-SUAREZ_V2\LOMA-SUAREZ_18-62cm\XRF data\L000175.spe	403.56	6.81	1	0.010265	-0.008803	0.010128	0.075074	89241	1.54	225	1261	18	68	29	1032	12561	1490	18	9359	347	764	1669	230310	758	688	1537	639	41	188	61	27	4586	2702	595	1069	9	35	79	18	319	69	243	237	222	1117	2282	386	321	785	0	1519	974	2022	85220	21443	0.165	
C:\Data\MAYLE2021\LOMA-SUAREZ_V2\LOMA-SUAREZ_18-62cm\XRF data\L000176.spe	405.56	6.80	1	0.010265	-0.008803	0.010128	0.075074	89017	1.58	209	1194	33	76	4	1029	12928	1536	0	9938	401	837	1592	227118	737	668	1664	519	0	263	117	12	4871	2787	705	1163	20	102	57	15	391	46	178	207	214	1200	2177	386	308	608	0	1508	951	1802	84061	21796	0.166	
C:\Data\MAYLE2021\LOMA-SUAREZ_V2\LOMA-SUAREZ_18-62cm\XRF data\L000177.spe	407.56	6.81	1	0.010265	-0.008803	0.010128	0.075074	87542	1.49	201	1279	22	73	47	962	13076	1550	30	10381	310	844	1688	218939	741	654	1517	602	58	234	40	174	4539	2851	786	1266	0	69	40	0	396	14	229	185	214	1232	2137	418	274	667	206	1434	941	1949	82969	21463	0.165	
C:\Data\MAYLE2021\LOMA-SUAREZ_V2\LOMA-SUAREZ_18-62cm\XRF data\L000178.spe	409.56	6.80	1	0.010265	-0.008803	0.010128	0.075074	88731	1.61	217	1299	19	82	37	951	13322	1556	39	10473	249	831	1730	223526	754	830	1546	689	0	180	11	0	4856	2680	666	1086	25	90	0	15	456	57	216	242	186	991	2349	195	363	751	0	1361	1083	2195	82993	21836	0.165	
C:\Data\MAYLE2021\LOMA-SUAREZ_V2\LOMA-SUAREZ_18-62cm\XRF data\L000179.spe	411.56	6.80	1	0.010265	-0.008803	0.010128	0.075074	88130	1.52	177	1330	60	45	69	978	13145	1548	52	10645	292	832	1716	220013	773	555	1486	677	0	47	141	17	4496	2826	691	1233	28	146	27	14	425	65	266	240	152	1083	2241	301	357	712	0	1174	928	2188	83994	21750	0.166	
C:\Data\MAYLE2021\LOMA-SUAREZ_V2\LOMA-SUAREZ_18-62cm\XRF data\L000180.spe	413.56	6.80	1	0.010265	-0.008803	0.010128	0.075074	88733	1.57	194	1465	46	43	44	964	13584	1460	16	10810	471	804	1737	220135	702	745	1537	600	60	261	153	47	4834	2963	889	1274	24	64	55	27	460	0	236	248	230	1035	2258	341	404	626	0	1261	950	2151	85083	21580	0.166	
C:\Data\MAYLE2021\LOMA-SUAREZ_V2\LOMA-SUAREZ_18-62cm\XRF data\L000181.spe	415.56	6.81	1	0.010265	-0.008803	0.010128	0.075074	88210	1.66	141	1445	28	66	47	957	13328	1658	23	11437	337	779	1708	216483	759	801	1561	512	38	0	0	164	4670	2905	754	1143	13	127	0	30	393	21	247	273	193	1057	2335	676	291	558	0	1433	895	1861	85664	21676	0.166	
C:\Data\MAYLE2021\LOMA-SUAREZ_V2\LOMA-SUAREZ_18-62cm\XRF data\L000182.spe	417.56	6.81	1	0.010265	-0.008803	0.010128	0.075074	88722	1.57	180	1405	18	33	54	965	13223	1586	32	10699	414	807	1821	223183	765	803	1584	510	0	183	241	58	4562	2724	743	1315	27	31	62	23	428	88	232	200	177	1050	2239	421	343	577	0	1516	845	2034	82873	21200	0.166	
C:\Data\MAYLE2021\LOMA-SUAREZ_V2\LOMA-SUAREZ_18-62cm\XRF data\L000183.spe	419.56	6.80	1	0.010265	-0.008803	0.010128	0.075074	88604	1.67	149	1358	33	53	0	900	13117	1509	33	10704	384	817	1882	228785	808	817	1598	540	186	215	72	13	4568	2817	766	1294	11	135	17	37	344	48	316	255	170	1112	2227	269	249	591	0	1476	857	2200	82301	21169	0.165	
C:\Data\MAYLE2021\LOMA-SUAREZ_V2\LOMA-SUAREZ_18-62cm\XRF data\L000184.spe	421.56	6.81	1	0.010265	-0.008803	0.010128	0.075074	87708	1.57	197	1414	37	69	29	922	13667	1582	23	11385	280	845	1885	217131	726	696	1644	649	0	111	206	108	4972	3014	835	1280	19	120	4	6	291	101	298	223	209	1118	2225	493	452	739	0	1151	808	2260	83351	21688	0.165	
C:\Data\MAYLE2021\LOMA-SUAREZ_V2\LOMA-SUAREZ_18-62cm\XRF data\L000185.spe	423.56	6.83	1	0.010265	-0.008803	0.010128	0.075074	85487	1.57	217	1444	51	77	64	1046	13059	1547	19	11093	343	790	1766	204906	802	741	1520	604	0	262	13	0	4754	2975	889	985	25	72	67	47	466	108	269	261	213	1112	2284	251	422	745	0	1384	934	1878	83441	21328	0.165	
C:\Data\MAYLE2021\LOMA-SUAREZ_V2\LOMA-SUAREZ_18-62cm\XRF data\L000186.spe	425.56	6.82	1	0.010265	-0.008803	0.010128	0.075074	87374	1.56	183	1440	11	65	42	971	13244	1526	33	11098	318	780	1849	218863	805	659	1648	458	45	77	7	107	4707	2721	837	1122	43	44	101	48	375	32	266	261	213	1155	2092	394	207	642	0	1499	928	2009	83034	21275	0.165	
C:\Data\MAYLE2021\LOMA-SUAREZ_V2\LOMA-SUAREZ_18-62cm\XRF data\L000187.spe	427.56	6.84	1	0.010265	-0.008803	0.010128	0.075074	89462	1.51	177	1422	15	68	25	994	13130	1591	12	11206	449	827	1852	227268	758	692	1610	641	26	78	47	157	4387	3001	694	1298	37	106	0	35	299	118	257	227	230	1152	2276	488	290	716	43	1359	944	1928	84388	21549	0.166	
C:\Data\MAYLE2021\LOMA-SUAREZ_V2\LOMA-SUAREZ_18-62cm\XRF data\L000188.spe	429.56	6.83	1	0.010265	-0.008803	0.010128	0.075074	90672	1.62	182	1379	14	54	9	960	13577	1609	30	11330	460	814	1812	231275	692	676	1557	539	7	333	206	16	4529	2937	623	1232	33	0	68	41	385	22	249	252	226	1122	2257	379	437	761	99	1453	994	2274	85083	21509	0.167	
C:\Data\MAYLE2021\LOMA-SUAREZ_V2\LOMA-SUAREZ_18-62cm\XRF data\L000189.spe	431.56	6.84	1	0.010265	-0.008803	0.010128	0.075074	89278	1.70	177	1401	43	65	33	1065	13558	1642	15	11245	373	784	1778	223250	744	693	1678	733	20	0	0	56	4665	2832	744	1057	0	29	96	0	397	120	334	190	163	969	2171	627	312	374	0	1238	1000	2004	84724	21658	0.166	
C:\Data\MAYLE2021\LOMA-SUAREZ_V2\LOMA-SUAREZ_18-62cm\XRF data\L000190.spe	433.56	6.83	1	0.010265	-0.008803	0.010128	0.075074	89038	1.58	206	1461	33	36	9	1016	13515	1461	10	10803	564	773	1862	225254	830	695	1895	663	72	85	223	173	4577	2740	814	1133	0	63	81	18	362	44	295	183	200	1125	2318	529	409	778	0	1414	909	1985	84970	22116	0.166	
C:\Data\MAYLE2021\LOMA-SUAREZ_V2\LOMA-SUAREZ_18-62cm\XRF data\L000191.spe	435.56	6.83	1	0.010265	-0.008803	0.010128	0.075074	88765	1.68	181	1456	0	78	4	994	13467	1461	0	11004	338	738	1840	222946	667	628	1687	558	0	107	111	70	4526	2797	796	1199	24	59	52	46	359	49	301	242	144	1018	2147	484	422	399	0	1360	778	2001	84289	22010	0.166	
C:\Data\MAYLE2021\LOMA-SUAREZ_V2\LOMA-SUAREZ_18-62cm\XRF data\L000192.spe	437.56	6.82	1	0.010265	-0.008803	0.010128	0.075074	90813	1.52	183	1443	26	46	0	1003	13360	1536	10	10814	330	792	1819	230333	778	655	1714	612	62	16	108	100	4662	2617	698	1078	48	109	33	34	420	13	195	217	252	1138	2194	515	316	721	118	1518	1042	1946	86175	22046	0.167	
C:\Data\MAYLE2021\LOMA-SUAREZ_V2\LOMA-SUAREZ_18-62cm\XRF data\L000193.spe	439.56	6.81	1	0.010265	-0.008803	0.010128	0.075074	90718	1.56	214	1519	43	79	23	1078	13512	1520	0	10702	457	781	1811	231351	719	698	1684	654	0	230	147	173	4583	2790	582	992	14	49	29	16	368	58	227	233	256	1134	2359	322	300	726	138	1381	929	2116	84854	21758	0.167	
C:\Data\MAYLE2021\LOMA-SUAREZ_V2\LOMA-SUAREZ_18-62cm\XRF data\L000194.spe	441.56	6.81	1	0.010265	-0.008803	0.010128	0.075074	89081	1.57	213	1473	24	98	24	1008	13179	1479	0	10763	271	821	1817	231674	724	615	1530	566	112	95	9	0	4495	2796	729	862	34	138	0	6	371	22	243	171	152	1050	2091	391	353	681	195	1563	924	1769	84550	21301	0.164	
C:\Data\MAYLE2021\LOMA-SUAREZ_V2\LOMA-SUAREZ_18-62cm\XRF data\L000195.spe	443.56	6.79	1	0.010265	-0.008803	0.010128	0.075074	88855	1.57	199	1425	32	52	59	1050	12965	1439	0	11030	269	872	1813	222617	725	567	1501	439	0	114	77	100	4753	2803	499	1209	7	49	119	32	343	92	291	218	151	1103	2119	426	341	658	110	1611	923	1849	84516	21551	0.166	
C:\Data\MAYLE2021\LOMA-SUAREZ_V2\LOMA-SUAREZ_18-62cm\XRF data\L000196.spe	445.56	6.79	1	0.010265	-0.008803	0.010128	0.075074	87443	1.61	209	1355	32	60	44	1089	12976	1585	13	11308	366	713	1852	210406	753	677	1482	543	79	177	33	0	5092	3056	873	1194	32	170	0	24	361	60	294	246	220	1132	2243	298	337	355	0	1267	1031	2054	84669	21410	0.167	
C:\Data\MAYLE2021\LOMA-SUAREZ_V2\LOMA-SUAREZ_18-62cm\XRF data\L000197.spe	447.56	6.78	1	0.010265	-0.008803	0.010128	0.075074	86863	1.58	170	1333	0	72	38	1034	12737	1576	0	10886	421	760	1884	205913	757	623	1577	555	0	71	165	168	4676	3124	720	1227	19	143	23	55	412	53	229	227	246	1240	2200	426	267	396	0	1318	907	1785	85384	21920	0.167	
C:\Data\MAYLE2021\LOMA-SUAREZ_V2\LOMA-SUAREZ_18-62cm\XRF data\L000198.spe	449.56	6.77	1	0.010265	-0.008803	0.010128	0.075074	87073	1.52	213	1439	30	47	33	1046	13001	1518	11	11315	440	806	1923	208075	755	554	1407	477	0	73	162	123	4741	2930	818	1251	31	66	26	60	434	0	231	208	210	1137	2313	355	210	895	0	1150	786	1823	85595	21929	0.166	
C:\Data\MAYLE2021\LOMA-SUAREZ_V2\LOMA-SUAREZ_18-62cm\XRF data\L000199.spe	451.56	6.77	1	0.010265	-0.008803	0.010128	0.075074	86673	1.62	213	1399	38	54	0	1047	12903	1642	22	11615	425	712	1892	205079	615	550	1543	591	8	0	82	147	4557	3162	1115	1515	41	110	37	0	357	29	340	244	131	1135	2210	453	492	671	0	1229	836	1983	86011	21910	0.167	
C:\Data\MAYLE2021\LOMA-SUAREZ_V2\LOMA-SUAREZ_18-62cm\XRF data\L000200.spe	453.56	6.77	1	0.010265	-0.008803	0.010128	0.075074	89505	1.58	236	1550	47	59	37	1013	13231	1576	21	11909	409	832	1988	217714	716	736	1581	605	5	41	69	84	4726	3246	838	1344	26	99	41	8	317	75	264	261	198	1053	2211	486	315	613	0	1523	812	1632	86569	22150	0.167	
C:\Data\MAYLE2021\LOMA-SUAREZ_V2\LOMA-SUAREZ_18-62cm\XRF data\L000201.spe	455.56	6.77	1	0.010265	-0.008803	0.010128	0.075074	88202	1.54	198	1496	24	84	26	1023	12973	1677	11	11684	419	771	1938	209064	837	731	1578	505	0	0	0	23	4577	2742	888	1298	85	106	13	35	445	107	258	183	256	1143	2387	574	331	481	0	1410	859	1790	87121	22184	0.168	
C:\Data\MAYLE2021\LOMA-SUAREZ_V2\LOMA-SUAREZ_18-62cm\XRF data\L000202.spe	457.56	6.76	1	0.010265	-0.008803	0.010128	0.075074	87341	1.53	259	1412	37	23	36	1039	12954	1529	5	11175	343	801	1870	204390	733	619	1603	618	0	0	0	27	4681	3122	802	1157	17	0	154	28	520	13	169	257	241	1120	2267	625	313	350	0	1396	818	1674	86890	21799	0.168	
C:\Data\MAYLE2021\LOMA-SUAREZ_V2\LOMA-SUAREZ_18-62cm\XRF data\L000203.spe	459.56	6.76	1	0.010265	-0.008803	0.010128	0.075074	88493	1.56	223	1475	44	68	42	990	13171	1619	0	11416	427	810	1967	211489	729	602	1642	485	88	236	0	0	4600	2932	876	1566	43	12	116	17	457	67	234	220	200	1178	2302	394	388	767	0	1328	802	2062	86401	22226	0.167	
C:\Data\MAYLE2021\LOMA-SUAREZ_V2\LOMA-SUAREZ_18-62cm\XRF data\L000204.spe	461.56	6.76	1	0.010265	-0.008803	0.010128	0.075074	87913	1.57	204	1472	30	25	6	1046	13158	1605	20	11860	336	825	2010	201549	872	702	1728	608	26	178	97	67	4652	2993	948	1303	0	5	74	19	328	101	300	190	181	1163	2351	469	455	659	146	1378	832	1671	87430	22345	0.169	
C:\Data\MAYLE2021\LOMA-SUAREZ_V2\LOMA-SUAREZ_18-62cm\XRF data\L000205.spe	463.56	6.75	1	0.010265	-0.008803	0.010128	0.075074	89004	1.57	156	1451	25	63	0	999	13083	1779	7	12189	317	781	2118	205952	760	586	1680	578	29	44	65	0	4678	3323	968	1186	38	81	47	25	389	96	228	250	175	1126	2264	519	277	329	0	1442	808	1704	88629	22274	0.169	
C:\Data\MAYLE2021\LOMA-SUAREZ_V2\LOMA-SUAREZ_18-62cm\XRF data\L000206.spe	465.56	6.75	1	0.010265	-0.008803	0.010128	0.075074	87946	1.59	193	1460	19	88	18	982	12748	1797	0	11558	447	883	2136	206552	804	658	1688	545	69	77	213	117	4801	2984	776	1257	20	215	0	40	422	72	223	219	201	1144	2364	718	453	455	0	1186	976	2175	86965	22301	0.167	
C:\Data\MAYLE2021\LOMA-SUAREZ_V2\LOMA-SUAREZ_18-62cm\XRF data\L000207.spe	467.56	6.74	1	0.010265	-0.008803	0.010128	0.075074	88812	1.63	229	1630	77	72	53	993	13648	1709	38	11779	437	864	2056	216216	801	678	1567	624	0	105	0	0	4865	2821	618	1282	16	11	96	0	468	113	239	150	251	1070	2277	340	159	391	0	1439	863	1934	85316	21665	0.167	
C:\Data\MAYLE2021\LOMA-SUAREZ_V2\LOMA-SUAREZ_18-62cm\XRF data\L000208.spe	469.56	6.74	1	0.010265	-0.008803	0.010128	0.075074	87588	1.61	179	1639	47	61	34	959	13966	1722	19	11809	479	950	2093	205127	797	617	1618	624	33	226	113	88	5054	2883	858	1543	16	85	56	6	435	46	232	175	229	1156	2374	472	455	594	0	1350	865	1963	85755	21463	0.167	
C:\Data\MAYLE2021\LOMA-SUAREZ_V2\LOMA-SUAREZ_18-62cm\XRF data\L000209.spe	471.56	6.75	1	0.010265	-0.008803	0.010128	0.075074	86970	1.52	212	1629	6	24	20	926	13930	1668	0	11806	430	774	2072	200767	905	636	1838	744	0	43	155	94	4842	3148	1017	1303	14	154	9	25	267	24	354	224	158	1184	2391	585	260	502	0	1204	961	2161	86592	21925	0.167	
C:\Data\MAYLE2021\LOMA-SUAREZ_V2\LOMA-SUAREZ_18-62cm\XRF data\L000210.spe	473.56	6.74	1	0.010265	-0.008803	0.010128	0.075074	87872	1.55	181	1567	0	53	31	890	13940	1633	0	11583	293	699	2132	205884	726	654	1728	603	0	107	96	178	4779	3037	952	1538	0	65	23	0	196	59	362	236	142	1099	2326	315	343	621	0	1234	831	2145	85932	22012	0.167	
C:\Data\MAYLE2021\LOMA-SUAREZ_V2\LOMA-SUAREZ_18-62cm\XRF data\L000211.spe	475.56	6.74	1	0.010265	-0.008803	0.010128	0.075074	87972	1.47	192	1456	63	77	73	1002	13620	1622	14	11635	394	752	2148	210827	771	655	1871	433	47	55	44	0	4802	2983	932	1184	43	79	77	14	377	42	314	276	197	1120	2225	466	173	371	0	1223	937	1953	85445	21671	0.167	
C:\Data\MAYLE2021\LOMA-SUAREZ_V2\LOMA-SUAREZ_18-62cm\XRF data\L000212.spe	477.56	6.73	1	0.010265	-0.008803	0.010128	0.075074	86501	1.48	196	1334	52	46	26	1024	14029	1651	43	11868	436	847	2183	201230	824	636	1742	603	6	176	80	154	5056	3139	839	1399	32	146	0	15	397	56	327	242	141	1005	2416	510	356	577	0	1277	920	1909	84078	22355	0.166	
C:\Data\MAYLE2021\LOMA-SUAREZ_V2\LOMA-SUAREZ_18-62cm\XRF data\L000213.spe	479.56	6.72	1	0.010265	-0.008803	0.010128	0.075074	85412	1.56	229	1252	39	75	59	984	13525	1498	0	11189	337	833	2062	199098	803	554	1679	487	0	269	0	0	4915	3008	985	1480	51	115	18	7	325	102	297	236	159	1247	2350	238	323	591	18	1277	787	1995	83882	21904	0.166	
C:\Data\MAYLE2021\LOMA-SUAREZ_V2\LOMA-SUAREZ_18-62cm\XRF data\L000214.spe	481.56	6.72	1	0.010265	-0.008803	0.010128	0.075074	86676	1.48	183	1266	39	37	13	969	13710	1682	0	11385	413	835	2081	198800	755	652	1840	627	76	125	170	195	5013	3220	874	1379	42	80	18	21	444	68	188	205	256	1217	2306	498	326	510	0	1283	909	2014	85271	21612	0.168	
C:\Data\MAYLE2021\LOMA-SUAREZ_V2\LOMA-SUAREZ_18-62cm\XRF data\L000215.spe	483.56	6.71	1	0.010265	-0.008803	0.010128	0.075074	86724	1.47	198	1401	22	87	54	1013	13501	1761	33	11539	395	897	2113	194037	810	666	1703	620	9	0	81	0	4805	3314	880	1508	12	59	56	35	484	167	228	206	219	1170	2346	614	316	346	0	1089	913	1980	85269	22104	0.168	
C:\Data\MAYLE2021\LOMA-SUAREZ_V2\LOMA-SUAREZ_18-62cm\XRF data\L000216.spe	485.56	6.71	1	0.010265	-0.008803	0.010128	0.075074	87492	1.55	214	1485	36	97	18	974	13906	1665	7	11718	509	726	2156	198383	886	691	1793	568	0	192	117	22	4567	3235	852	1380	29	0	99	30	306	99	359	233	177	1194	2504	385	413	555	283	1328	905	1690	87341	22594	0.168	
C:\Data\MAYLE2021\LOMA-SUAREZ_V2\LOMA-SUAREZ_18-62cm\XRF data\L000217.spe	487.56	6.71	1	0.010265	-0.008803	0.010128	0.075074	88148	1.59	218	1443	53	57	27	1006	13215	1779	0	12255	320	787	2097	199461	799	635	1690	522	163	66	122	56	5011	3337	928	1613	23	107	30	23	370	81	429	192	120	1259	2410	547	387	518	0	1259	840	1837	87451	22382	0.169	
C:\Data\MAYLE2021\LOMA-SUAREZ_V2\LOMA-SUAREZ_18-62cm\XRF data\L000218.spe	489.56	6.70	1	0.010265	-0.008803	0.010128	0.075074	88977	1.55	260	1543	0	22	14	980	13927	1692	0	12696	440	817	2152	200134	746	651	1597	627	50	0	46	0	4951	3215	697	1536	16	27	63	0	524	9	257	199	192	1183	2407	572	324	658	16	1214	850	1869	87859	22429	0.170	
C:\Data\MAYLE2021\LOMA-SUAREZ_V2\LOMA-SUAREZ_18-62cm\XRF data\L000219.spe	491.56	6.69	1	0.010265	-0.008803	0.010128	0.075074	91668	1.56	164	1455	45	44	18	1019	13390	1846	0	12757	428	880	2191	207298	799	680	1597	568	136	228	239	33	5011	3312	988	1507	33	70	36	23	416	13	286	265	238	1109	2333	367	364	711	0	1647	914	1381	91522	22868	0.174	
C:\Data\MAYLE2021\LOMA-SUAREZ_V2\LOMA-SUAREZ_18-62cm\XRF data\L000220.spe	493.56	6.68	1	0.010265	-0.008803	0.010128	0.075074	98379	1.62	200	1658	67	77	0	1032	14498	1981	0	13338	391	839	2256	217890	902	887	1842	605	0	0	26	158	5460	3859	948	1187	48	17	55	6	720	65	383	291	137	1243	2412	709	445	907	0	1690	943	1652	100827	24665	0.181	
C:\Data\MAYLE2021\LOMA-SUAREZ_V2\LOMA-SUAREZ_18-62cm\XRF data\L000221.spe	495.56	6.67	1	0.010265	-0.008803	0.010128	0.075074	80326	1.65	146	931	24	33	28	1327	8176	1106	0	7426	160	476	1206	226220	560	528	924	360	0	0	18	38	3898	2322	629	956	0	49	45	0	330	63	190	199	115	612	1394	2560	106	517	0	1287	910	2355	78287	20380	0.161	