C:\Data\MAYLE2021\LOMA-SUAREZ_V2\LOMA-SUAREZ_42-82cm\XRF data     19/10/2021  re-evaluated data
peakarea
filename	position (mm)	sample surface	validity	E-gain	E-offset	F-slope	F-offset	cps	MSE	Al	Si	P	S	Cl	Ar	K	Ca	Sc	Ti	V	Cr	Mn	Fe	Ni	Cu	Zn	Ga	Ge	As	Se	Br	Rb	Sr	Y	Zr	Rh	In	Sn	Sb	Ba	La	Ce	Pr	Nd	Ta	W	Pb	Bi	Fe a*2	Fe a+b	S1	S2	S3	Mo inc	Mo coh	Dt	
C:\Data\MAYLE2021\LOMA-SUAREZ_V2\LOMA-SUAREZ_42-82cm\XRF data\L000000.spe	576.01	6.51	1	0.010265	-0.008803	0.010128	0.075074	16576	1.12	42	112	0	10	0	1469	870	155	0	749	56	94	165	23944	187	92	159	10	0	0	0	32	1017	687	257	223	0	0	0	12	24	0	34	15	25	179	317	12	90	145	72	102	103	433	23765	6773	0.132	
C:\Data\MAYLE2021\LOMA-SUAREZ_V2\LOMA-SUAREZ_42-82cm\XRF data\L000001.spe	578.01	6.50	1	0.010265	-0.008803	0.010128	0.075074	60747	1.36	143	891	0	6	0	1212	7909	1126	0	6613	189	437	1243	163932	467	518	1070	248	0	0	0	0	2971	2026	663	837	24	27	58	24	227	11	173	183	86	721	1414	342	159	360	179	1148	725	1489	59355	16070	0.143	
C:\Data\MAYLE2021\LOMA-SUAREZ_V2\LOMA-SUAREZ_42-82cm\XRF data\L000002.spe	580.01	6.50	1	0.010265	-0.008803	0.010128	0.075074	77065	1.49	164	1206	34	87	34	1196	10732	1473	11	9017	281	659	2161	223964	615	496	1279	419	0	82	0	64	3669	2460	655	904	0	96	30	50	345	108	252	199	121	973	1681	340	228	768	148	1599	937	1596	69403	18684	0.151	
C:\Data\MAYLE2021\LOMA-SUAREZ_V2\LOMA-SUAREZ_42-82cm\XRF data\L000003.spe	582.01	6.49	1	0.010265	-0.008803	0.010128	0.075074	81884	1.58	180	1350	10	28	18	1106	11768	1499	25	9776	267	656	1865	249156	631	508	1172	438	28	120	109	130	4061	2578	606	958	17	24	99	7	391	53	246	233	130	868	1818	301	319	826	173	1650	1066	2238	69213	18927	0.152	
C:\Data\MAYLE2021\LOMA-SUAREZ_V2\LOMA-SUAREZ_42-82cm\XRF data\L000004.spe	584.01	6.51	1	0.010265	-0.008803	0.010128	0.075074	79040	1.59	185	1175	47	32	13	1214	11188	1578	4	9238	355	656	1963	236507	659	549	1176	348	92	0	36	48	3965	2370	616	883	31	5	43	60	246	41	313	219	153	863	1695	443	319	420	6	1332	869	2023	68645	18505	0.151	
C:\Data\MAYLE2021\LOMA-SUAREZ_V2\LOMA-SUAREZ_42-82cm\XRF data\L000005.spe	586.01	6.52	1	0.010265	-0.008803	0.010128	0.075074	76555	1.48	159	1252	44	85	8	1250	11021	1549	46	9037	210	672	1730	220400	647	464	1210	417	54	0	0	0	3982	2400	646	581	48	68	66	57	336	33	291	285	206	855	1796	290	123	483	0	1322	932	2219	69919	18600	0.151	
C:\Data\MAYLE2021\LOMA-SUAREZ_V2\LOMA-SUAREZ_42-82cm\XRF data\L000006.spe	588.01	6.51	1	0.010265	-0.008803	0.010128	0.075074	79020	1.53	154	1266	0	33	51	1124	11800	1621	28	9419	339	712	2669	228217	553	601	1303	416	15	109	66	44	3806	2849	797	912	0	62	51	28	445	87	264	157	120	855	1927	275	432	676	215	1527	903	1766	69654	19464	0.152	
C:\Data\MAYLE2021\LOMA-SUAREZ_V2\LOMA-SUAREZ_42-82cm\XRF data\L000007.spe	590.01	6.45	1	0.010265	-0.008803	0.010128	0.075074	87886	1.71	213	1605	62	41	42	973	13603	1786	34	10925	332	760	2570	271197	668	515	1315	643	109	193	51	115	4342	2878	813	1134	12	111	25	36	473	32	207	257	237	937	1961	295	352	1002	0	1703	1073	2311	71367	19945	0.155	
C:\Data\MAYLE2021\LOMA-SUAREZ_V2\LOMA-SUAREZ_42-82cm\XRF data\L000008.spe	592.01	6.43	1	0.010265	-0.008803	0.010128	0.075074	92256	1.81	278	1695	40	78	41	909	14401	1942	33	11739	413	886	2422	291889	717	593	1407	602	49	143	99	0	4272	2851	728	1357	44	129	53	0	480	88	219	256	246	911	2041	382	314	710	0	1785	1223	2324	72249	20335	0.157	
C:\Data\MAYLE2021\LOMA-SUAREZ_V2\LOMA-SUAREZ_42-82cm\XRF data\L000009.spe	594.01	6.41	1	0.010265	-0.008803	0.010128	0.075074	92650	1.76	219	1615	52	29	45	919	14337	1835	0	11619	319	743	3330	294278	638	477	1518	516	31	0	60	22	4363	2875	652	1148	0	100	30	37	456	30	284	337	173	1022	2172	563	178	928	0	1893	1129	2584	72926	20202	0.157	
C:\Data\MAYLE2021\LOMA-SUAREZ_V2\LOMA-SUAREZ_42-82cm\XRF data\L000010.spe	596.01	6.39	1	0.010265	-0.008803	0.010128	0.075074	94137	1.76	227	1693	9	56	30	881	14580	1944	0	11620	345	853	2578	296080	775	716	1509	595	80	58	124	42	4594	2806	705	1353	26	155	11	40	496	59	309	263	213	902	2140	524	394	971	0	1747	1256	2372	73420	20955	0.159	
C:\Data\MAYLE2021\LOMA-SUAREZ_V2\LOMA-SUAREZ_42-82cm\XRF data\L000011.spe	598.01	6.37	1	0.010265	-0.008803	0.010128	0.075074	96407	1.88	231	1805	61	46	43	886	15144	1948	14	12350	367	871	2580	303231	725	463	1569	486	49	25	134	32	4533	3030	894	1415	11	115	7	49	471	0	232	320	212	1078	2147	522	241	1141	142	1856	1190	2624	75285	20919	0.161	
C:\Data\MAYLE2021\LOMA-SUAREZ_V2\LOMA-SUAREZ_42-82cm\XRF data\L000012.spe	600.01	6.35	1	0.010265	-0.008803	0.010128	0.075074	94957	1.72	280	1921	42	61	27	889	15407	1966	0	11949	523	838	2436	295921	693	508	1557	522	207	133	48	156	4808	3101	735	1247	31	208	15	0	474	0	270	284	261	1029	2200	315	292	967	0	1748	1237	2575	74581	20849	0.160	
C:\Data\MAYLE2021\LOMA-SUAREZ_V2\LOMA-SUAREZ_42-82cm\XRF data\L000013.spe	602.01	6.33	1	0.010265	-0.008803	0.010128	0.075074	93095	1.76	245	1814	21	40	25	1005	14960	1876	0	11863	311	725	2894	287635	745	511	1629	579	0	87	21	70	4297	2936	755	869	18	0	129	14	430	86	308	285	149	921	2078	505	359	1106	251	1637	1120	2407	76031	20445	0.160	
C:\Data\MAYLE2021\LOMA-SUAREZ_V2\LOMA-SUAREZ_42-82cm\XRF data\L000014.spe	604.01	6.31	1	0.010265	-0.008803	0.010128	0.075074	77472	1.62	174	1231	11	20	43	1154	10893	1534	0	8793	296	651	1918	219907	653	487	1284	389	83	0	26	56	4092	2474	626	663	0	149	0	23	377	66	208	178	118	866	1657	299	366	422	25	1198	887	2172	73413	19343	0.154	
C:\Data\MAYLE2021\LOMA-SUAREZ_V2\LOMA-SUAREZ_42-82cm\XRF data\L000015.spe	606.01	6.30	1	0.010265	-0.008803	0.010128	0.075074	61396	1.44	125	789	45	36	13	1343	7101	899	12	5763	204	388	1233	149728	520	376	907	249	0	0	29	32	3353	2280	703	529	0	36	0	37	288	18	82	165	106	630	1160	535	277	339	233	894	652	1489	68443	17462	0.152	
C:\Data\MAYLE2021\LOMA-SUAREZ_V2\LOMA-SUAREZ_42-82cm\XRF data\L000016.spe	608.01	6.29	1	0.010265	-0.008803	0.010128	0.075074	53844	1.45	93	503	12	0	0	1360	4944	662	19	3919	103	373	915	112914	428	369	706	280	0	0	0	0	3538	2252	754	357	23	0	25	0	131	0	105	57	40	432	951	458	185	382	0	582	435	1522	67007	17138	0.156	
C:\Data\MAYLE2021\LOMA-SUAREZ_V2\LOMA-SUAREZ_42-82cm\XRF data\L000017.spe	610.01	6.28	1	0.010265	-0.008803	0.010128	0.075074	42572	1.47	89	344	10	19	22	1431	3347	504	0	2523	66	191	612	82360	381	225	524	174	0	0	0	77	2861	1760	529	400	0	27	0	14	176	11	42	35	34	398	808	300	125	195	0	304	301	1382	55669	14249	0.151	
C:\Data\MAYLE2021\LOMA-SUAREZ_V2\LOMA-SUAREZ_42-82cm\XRF data\L000018.spe	612.01	6.28	1	0.010265	-0.008803	0.010128	0.075074	23040	1.20	33	139	0	0	24	1554	1140	236	9	955	8	129	276	33651	234	132	244	13	0	0	0	0	1570	976	331	169	0	14	0	11	60	34	12	27	54	212	452	209	71	187	0	172	134	576	33312	8968	0.145	
C:\Data\MAYLE2021\LOMA-SUAREZ_V2\LOMA-SUAREZ_42-82cm\XRF data\L000019.spe	614.01	6.28	1	0.010265	-0.008803	0.010128	0.075074	23082	1.17	20	163	0	0	9	1344	1441	241	12	1302	57	95	373	41753	225	108	146	31	0	0	16	0	1497	732	270	440	0	6	18	16	13	24	43	41	38	173	461	153	73	141	0	167	155	713	29442	8621	0.134	
C:\Data\MAYLE2021\LOMA-SUAREZ_V2\LOMA-SUAREZ_42-82cm\XRF data\L000020.spe	616.01	6.29	1	0.010265	-0.008803	0.010128	0.075074	59212	1.47	134	927	29	63	50	942	7819	1008	35	6280	266	497	1552	184088	420	341	838	246	53	0	92	11	2859	1800	329	828	14	75	33	57	205	71	198	166	123	589	1242	258	277	432	81	928	694	1794	51227	14334	0.134	
C:\Data\MAYLE2021\LOMA-SUAREZ_V2\LOMA-SUAREZ_42-82cm\XRF data\L000021.spe	618.01	6.31	1	0.010265	-0.008803	0.010128	0.075074	89104	1.70	251	1456	53	62	36	926	12907	1698	8	10120	491	815	2366	297378	570	595	1178	586	110	167	77	111	3847	2210	567	1008	34	246	0	51	314	40	279	237	251	749	1887	285	408	900	298	1850	1273	2527	67116	19104	0.152	
C:\Data\MAYLE2021\LOMA-SUAREZ_V2\LOMA-SUAREZ_42-82cm\XRF data\L000022.spe	620.01	6.32	1	0.010265	-0.008803	0.010128	0.075074	94269	1.79	235	1579	29	49	14	899	13899	1776	0	10272	518	720	2699	316720	651	545	1300	392	0	55	0	16	4244	2634	642	994	0	0	108	5	343	0	331	341	192	983	1940	355	341	974	139	1707	1255	2901	70004	19609	0.156	
C:\Data\MAYLE2021\LOMA-SUAREZ_V2\LOMA-SUAREZ_42-82cm\XRF data\L000023.spe	622.01	6.33	1	0.010265	-0.008803	0.010128	0.075074	89593	1.59	255	1563	59	64	33	950	14024	1775	42	10270	442	813	2399	282562	707	639	1356	443	95	10	69	81	4154	2781	726	1149	47	25	145	26	433	64	296	263	213	916	2068	433	385	829	46	1765	1100	2456	69927	19917	0.155	
C:\Data\MAYLE2021\LOMA-SUAREZ_V2\LOMA-SUAREZ_42-82cm\XRF data\L000024.spe	624.01	6.34	1	0.010265	-0.008803	0.010128	0.075074	90714	1.63	221	1549	38	63	42	955	13511	1895	9	10766	447	793	2358	291351	669	439	1198	508	0	73	75	0	4401	2851	678	1211	16	149	0	44	390	23	239	291	228	899	2005	415	343	699	60	1613	1193	2815	70505	19837	0.154	
C:\Data\MAYLE2021\LOMA-SUAREZ_V2\LOMA-SUAREZ_42-82cm\XRF data\L000025.spe	626.01	6.35	1	0.010265	-0.008803	0.010128	0.075074	91237	1.69	232	1666	38	30	6	901	14181	1690	12	10474	398	773	2381	293872	657	533	1356	451	95	93	102	60	4304	2695	562	1344	39	0	52	0	467	13	211	263	178	1103	2074	276	262	993	0	1684	1164	2765	70060	20050	0.155	
C:\Data\MAYLE2021\LOMA-SUAREZ_V2\LOMA-SUAREZ_42-82cm\XRF data\L000026.spe	628.01	6.36	1	0.010265	-0.008803	0.010128	0.075074	90885	1.64	250	1648	61	73	30	1017	14005	1622	0	10683	511	811	4362	290666	622	678	1293	461	71	104	157	0	4315	2701	643	1170	0	33	105	0	411	27	210	233	208	895	2047	323	450	614	0	1827	1202	2351	70840	20133	0.155	
C:\Data\MAYLE2021\LOMA-SUAREZ_V2\LOMA-SUAREZ_42-82cm\XRF data\L000027.spe	630.01	6.36	1	0.010265	-0.008803	0.010128	0.075074	90145	1.81	222	1593	35	36	51	1005	14095	1797	0	10641	405	799	3105	288207	659	522	1301	442	104	124	112	37	4309	2691	548	1090	0	53	41	4	370	101	277	214	177	958	1932	356	348	858	0	1805	1098	2255	70656	19771	0.154	
C:\Data\MAYLE2021\LOMA-SUAREZ_V2\LOMA-SUAREZ_42-82cm\XRF data\L000028.spe	632.01	6.36	1	0.010265	-0.008803	0.010128	0.075074	94292	1.77	240	1669	73	47	17	946	13759	1856	56	10356	385	781	2381	319705	706	553	1299	428	75	93	96	0	3997	2742	901	1280	19	178	0	25	529	0	255	352	261	1043	2006	357	315	1078	234	1990	1217	2866	70750	19948	0.155	
C:\Data\MAYLE2021\LOMA-SUAREZ_V2\LOMA-SUAREZ_42-82cm\XRF data\L000029.spe	634.01	6.37	1	0.010265	-0.008803	0.010128	0.075074	90075	1.61	250	1562	81	42	8	947	13854	1762	68	10216	342	753	2331	287157	678	524	1321	439	12	58	69	18	4253	2829	756	1271	29	64	97	0	400	99	280	230	121	895	1907	454	273	712	63	1621	1205	2614	70247	20304	0.155	
C:\Data\MAYLE2021\LOMA-SUAREZ_V2\LOMA-SUAREZ_42-82cm\XRF data\L000030.spe	636.01	6.38	1	0.010265	-0.008803	0.010128	0.075074	91712	1.64	198	1566	50	66	48	988	13979	1696	26	10470	356	795	2299	298436	632	537	1279	448	0	141	67	0	4258	2414	556	1088	19	75	57	41	467	93	215	299	217	998	1946	312	379	1120	23	1924	1303	2331	69624	19988	0.155	
C:\Data\MAYLE2021\LOMA-SUAREZ_V2\LOMA-SUAREZ_42-82cm\XRF data\L000031.spe	638.01	6.36	1	0.010265	-0.008803	0.010128	0.075074	93582	1.79	266	1569	77	76	40	948	13753	1866	16	10480	476	783	2382	305829	662	634	1295	531	0	148	119	7	4546	2858	626	1068	20	108	23	14	484	51	197	219	264	780	2066	385	383	1322	0	1699	1308	2756	71958	20021	0.156	
C:\Data\MAYLE2021\LOMA-SUAREZ_V2\LOMA-SUAREZ_42-82cm\XRF data\L000032.spe	640.01	6.37	1	0.010265	-0.008803	0.010128	0.075074	90576	1.71	285	1593	78	60	37	950	13859	1869	0	10863	356	802	2368	286085	713	629	1365	593	73	263	23	79	4359	2698	796	1252	13	142	35	9	487	57	185	259	249	921	2168	310	254	1030	0	1681	1186	2589	72107	20258	0.156	
C:\Data\MAYLE2021\LOMA-SUAREZ_V2\LOMA-SUAREZ_42-82cm\XRF data\L000033.spe	642.01	6.37	1	0.010265	-0.008803	0.010128	0.075074	89270	1.61	258	1518	64	74	54	1006	13800	1806	23	10571	415	780	2279	283367	688	505	1281	468	30	72	20	67	4274	2627	544	1347	0	55	61	37	307	59	263	284	227	957	2051	449	407	716	0	1494	1099	2597	69932	20044	0.154	
C:\Data\MAYLE2021\LOMA-SUAREZ_V2\LOMA-SUAREZ_42-82cm\XRF data\L000034.spe	644.01	6.37	1	0.010265	-0.008803	0.010128	0.075074	91923	1.60	166	1578	0	33	17	905	14039	1886	10	10860	374	816	2568	296547	714	596	1301	381	0	158	86	0	4461	2544	448	1430	0	29	54	18	348	0	252	308	204	1062	2120	374	340	1043	0	1891	1282	2501	70735	20589	0.156	
C:\Data\MAYLE2021\LOMA-SUAREZ_V2\LOMA-SUAREZ_42-82cm\XRF data\L000035.spe	646.01	6.37	1	0.010265	-0.008803	0.010128	0.075074	90933	1.75	218	1530	42	66	41	1002	14173	1869	7	10855	311	905	2333	288247	764	636	1380	551	88	211	27	11	4511	2927	766	1019	25	110	16	51	482	98	256	259	219	857	2138	366	405	819	0	1642	1201	2876	71886	19906	0.156	
C:\Data\MAYLE2021\LOMA-SUAREZ_V2\LOMA-SUAREZ_42-82cm\XRF data\L000036.spe	648.01	6.37	1	0.010265	-0.008803	0.010128	0.075074	90819	1.68	208	1578	39	48	7	955	14246	1733	0	10603	433	816	2379	287546	737	481	1311	486	0	121	0	0	4510	2598	587	1247	8	35	68	13	489	63	226	247	232	973	2008	311	284	877	0	1843	1112	2332	70731	20159	0.155	
C:\Data\MAYLE2021\LOMA-SUAREZ_V2\LOMA-SUAREZ_42-82cm\XRF data\L000037.spe	650.01	6.38	1	0.010265	-0.008803	0.010128	0.075074	90161	1.70	236	1514	74	36	8	1008	14091	1829	0	10589	419	808	2288	285948	642	524	1211	469	56	55	114	12	4585	2792	661	1206	42	130	54	57	510	90	199	248	192	914	2013	353	291	1061	0	1807	1171	2396	71793	19957	0.155	
C:\Data\MAYLE2021\LOMA-SUAREZ_V2\LOMA-SUAREZ_42-82cm\XRF data\L000038.spe	652.01	6.37	1	0.010265	-0.008803	0.010128	0.075074	89919	1.63	203	1588	71	56	13	924	14015	1668	0	10533	394	746	2330	282339	697	592	1431	581	42	258	87	50	4386	2702	648	1105	28	81	70	46	385	41	239	298	214	1005	1992	116	338	887	8	1768	1147	2132	72145	20190	0.156	
C:\Data\MAYLE2021\LOMA-SUAREZ_V2\LOMA-SUAREZ_42-82cm\XRF data\L000039.spe	654.01	6.36	1	0.010265	-0.008803	0.010128	0.075074	91516	1.70	265	1605	54	81	36	878	14206	1784	11	10681	454	789	2340	288077	633	597	1422	524	21	231	60	39	4526	2887	681	1184	18	96	78	12	462	59	245	260	266	1020	2118	356	372	934	0	1857	1172	2526	72253	20356	0.156	
C:\Data\MAYLE2021\LOMA-SUAREZ_V2\LOMA-SUAREZ_42-82cm\XRF data\L000040.spe	656.01	6.37	1	0.010265	-0.008803	0.010128	0.075074	91048	1.61	230	1572	46	45	23	978	14132	1764	0	10372	307	782	2302	287171	609	435	1275	277	22	6	18	91	4389	2828	804	1259	0	45	76	5	645	0	174	281	211	1001	2002	369	297	722	0	1783	1200	2311	72050	20051	0.156	
C:\Data\MAYLE2021\LOMA-SUAREZ_V2\LOMA-SUAREZ_42-82cm\XRF data\L000041.spe	658.01	6.37	1	0.010265	-0.008803	0.010128	0.075074	91026	1.73	238	1518	37	28	29	982	13934	1830	66	10682	358	703	2352	287514	644	576	1213	450	0	0	0	0	4249	2898	831	1314	13	95	27	53	366	51	262	303	219	957	2039	492	283	641	436	1978	1155	2214	72539	20338	0.156	
C:\Data\MAYLE2021\LOMA-SUAREZ_V2\LOMA-SUAREZ_42-82cm\XRF data\L000042.spe	660.01	6.37	1	0.010265	-0.008803	0.010128	0.075074	89813	1.62	246	1552	56	67	17	1061	13791	1738	32	10701	374	788	2316	277921	664	480	1242	539	41	199	34	0	4544	2903	714	1193	10	117	18	42	389	0	340	277	147	963	1988	355	313	1009	0	1741	975	2695	72776	20107	0.157	
C:\Data\MAYLE2021\LOMA-SUAREZ_V2\LOMA-SUAREZ_42-82cm\XRF data\L000043.spe	662.01	6.36	1	0.010265	-0.008803	0.010128	0.075074	89451	1.69	224	1555	43	42	67	958	13817	1857	46	10840	335	777	2364	272320	696	627	1326	621	0	171	76	0	4421	2809	733	1149	31	141	34	50	477	73	266	268	187	1081	2140	371	368	730	69	1637	1203	2545	73411	20313	0.157	
C:\Data\MAYLE2021\LOMA-SUAREZ_V2\LOMA-SUAREZ_42-82cm\XRF data\L000044.spe	664.01	6.36	1	0.010265	-0.008803	0.010128	0.075074	89808	1.66	165	1529	34	58	25	1041	14337	1782	17	11064	392	800	2384	273388	679	573	1403	606	7	244	0	0	4381	3018	808	1030	15	0	128	0	479	97	269	216	181	991	2084	165	293	955	15	1813	1119	1992	73129	20841	0.158	
C:\Data\MAYLE2021\LOMA-SUAREZ_V2\LOMA-SUAREZ_42-82cm\XRF data\L000045.spe	666.01	6.35	1	0.010265	-0.008803	0.010128	0.075074	90344	1.62	272	1562	44	65	29	918	14500	1800	12	11057	278	818	2418	277028	697	641	1311	554	0	0	108	0	4660	2823	801	1159	14	0	83	4	406	69	261	295	146	896	2098	521	378	918	0	1664	1110	2461	74537	20253	0.157	
C:\Data\MAYLE2021\LOMA-SUAREZ_V2\LOMA-SUAREZ_42-82cm\XRF data\L000046.spe	668.01	6.34	1	0.010265	-0.008803	0.010128	0.075074	89148	1.71	188	1546	72	59	15	996	14304	1695	24	11179	353	804	2410	270050	641	574	1285	537	0	181	24	64	4301	3021	931	1076	22	17	85	25	397	0	276	285	151	946	2066	276	299	869	260	1599	1121	2384	73943	20410	0.157	
C:\Data\MAYLE2021\LOMA-SUAREZ_V2\LOMA-SUAREZ_42-82cm\XRF data\L000047.spe	670.01	6.34	1	0.010265	-0.008803	0.010128	0.075074	89056	1.68	204	1602	21	39	48	949	14335	1790	11	11197	303	771	2384	269529	684	595	1266	572	62	64	22	0	4428	2962	679	1143	22	116	30	0	414	57	326	286	137	929	2097	350	383	545	0	1743	1103	2269	73001	20315	0.157	
C:\Data\MAYLE2021\LOMA-SUAREZ_V2\LOMA-SUAREZ_42-82cm\XRF data\L000048.spe	672.01	6.33	1	0.010265	-0.008803	0.010128	0.075074	89256	1.70	175	1663	44	32	41	999	14320	1801	24	11130	468	739	2361	268888	699	605	1383	464	17	121	0	77	4460	2966	739	1339	0	48	78	13	426	55	247	237	174	976	2121	291	215	773	13	1620	1156	2553	73208	20379	0.157	
C:\Data\MAYLE2021\LOMA-SUAREZ_V2\LOMA-SUAREZ_42-82cm\XRF data\L000049.spe	674.01	6.32	1	0.010265	-0.008803	0.010128	0.075074	90938	1.69	201	1646	37	39	46	975	14615	1919	0	11314	506	867	2412	275544	721	618	1367	706	9	18	0	118	4764	2768	753	1342	9	67	30	27	417	93	191	201	220	856	2245	516	317	854	0	1639	970	2525	74418	20566	0.158	
C:\Data\MAYLE2021\LOMA-SUAREZ_V2\LOMA-SUAREZ_42-82cm\XRF data\L000050.spe	676.01	6.30	1	0.010265	-0.008803	0.010128	0.075074	91650	1.64	215	1766	36	26	26	922	14999	1897	21	11189	332	815	2378	277612	703	518	1364	505	0	0	37	0	4939	3104	659	1167	12	0	62	8	456	88	298	312	180	1077	2138	567	339	944	0	1693	1043	2555	74516	20694	0.159	
C:\Data\MAYLE2021\LOMA-SUAREZ_V2\LOMA-SUAREZ_42-82cm\XRF data\L000051.spe	678.01	6.30	1	0.010265	-0.008803	0.010128	0.075074	91641	1.69	255	1694	29	43	20	988	14377	1831	13	11437	482	758	2798	279641	705	569	1328	597	0	0	61	134	4468	2940	687	1364	12	148	13	17	411	81	219	277	196	887	2119	599	316	884	0	1641	1051	2368	74259	20766	0.158	
C:\Data\MAYLE2021\LOMA-SUAREZ_V2\LOMA-SUAREZ_42-82cm\XRF data\L000052.spe	680.01	6.30	1	0.010265	-0.008803	0.010128	0.075074	92202	1.85	216	1598	45	8	18	1027	14138	1801	10	10944	410	792	2713	285334	675	509	1216	555	0	154	132	0	4479	2882	799	1097	8	187	0	38	500	32	296	314	198	974	2107	390	322	1125	100	1641	1187	2413	73916	20771	0.159	
C:\Data\MAYLE2021\LOMA-SUAREZ_V2\LOMA-SUAREZ_42-82cm\XRF data\L000053.spe	682.01	6.28	1	0.010265	-0.008803	0.010128	0.075074	91712	1.75	249	1583	24	41	7	1033	14119	1784	21	11091	336	815	2390	282242	673	539	1346	569	67	18	59	13	4693	2710	641	1264	39	71	36	0	415	49	237	218	198	949	2052	400	278	658	0	1708	1161	2504	73564	20657	0.158	
C:\Data\MAYLE2021\LOMA-SUAREZ_V2\LOMA-SUAREZ_42-82cm\XRF data\L000054.spe	684.01	6.28	1	0.010265	-0.008803	0.010128	0.075074	92416	1.71	257	1688	36	55	37	1025	14128	1851	0	11054	458	760	2437	282952	774	669	1285	611	21	0	101	61	4567	2918	958	1425	9	61	46	41	399	70	265	221	192	907	2200	414	289	914	0	1731	1122	2400	75436	20943	0.159	
C:\Data\MAYLE2021\LOMA-SUAREZ_V2\LOMA-SUAREZ_42-82cm\XRF data\L000055.spe	686.01	6.26	1	0.010265	-0.008803	0.010128	0.075074	94670	1.81	278	1515	8	55	11	1013	14213	1689	4	11009	349	768	2255	294264	682	592	1327	557	87	0	196	25	4897	2974	780	1365	16	0	155	0	384	98	293	217	165	990	2137	468	372	1065	0	1682	1335	2499	74929	20415	0.161	
C:\Data\MAYLE2021\LOMA-SUAREZ_V2\LOMA-SUAREZ_42-82cm\XRF data\L000056.spe	688.01	6.25	1	0.010265	-0.008803	0.010128	0.075074	89935	1.63	216	1556	51	45	0	1062	13522	1650	20	10794	502	709	2119	273330	670	620	1246	480	98	211	108	0	4530	2765	854	1115	8	7	118	0	317	0	305	222	136	880	1946	187	369	861	0	1623	1158	2626	73998	20448	0.158	
C:\Data\MAYLE2021\LOMA-SUAREZ_V2\LOMA-SUAREZ_42-82cm\XRF data\L000057.spe	690.01	6.22	1	0.010265	-0.008803	0.010128	0.075074	90564	1.60	288	1600	35	47	47	962	13652	1746	24	10836	427	814	2412	275146	741	566	1244	387	82	104	0	0	4170	2735	846	1179	30	142	45	34	358	39	266	218	219	1188	1955	264	217	778	23	1706	1136	2313	74218	20299	0.158	
C:\Data\MAYLE2021\LOMA-SUAREZ_V2\LOMA-SUAREZ_42-82cm\XRF data\L000058.spe	692.01	6.20	1	0.010265	-0.008803	0.010128	0.075074	91755	1.70	280	1686	19	33	0	957	14275	1872	0	11456	443	785	2333	278549	671	573	1376	483	4	18	71	0	4665	2959	835	1410	21	127	0	25	406	34	212	256	198	951	2147	389	342	966	30	1409	1057	2622	74435	20838	0.159	
C:\Data\MAYLE2021\LOMA-SUAREZ_V2\LOMA-SUAREZ_42-82cm\XRF data\L000059.spe	694.01	6.20	1	0.010265	-0.008803	0.010128	0.075074	91343	1.63	258	1652	36	69	38	961	14078	1860	37	11086	262	806	2338	278450	756	569	1358	473	73	81	225	0	4625	2973	772	1225	9	69	50	58	413	82	262	259	222	888	2054	422	291	737	0	1678	1103	2465	74720	21014	0.158	
C:\Data\MAYLE2021\LOMA-SUAREZ_V2\LOMA-SUAREZ_42-82cm\XRF data\L000060.spe	696.01	6.18	1	0.010265	-0.008803	0.010128	0.075074	93973	1.67	308	1676	67	59	84	855	14582	1822	25	11687	493	749	2413	286587	743	609	1352	600	37	131	114	0	4814	3114	951	1140	5	51	62	27	408	32	318	288	187	951	2185	358	278	1060	0	1590	1154	2674	76603	20758	0.161	
C:\Data\MAYLE2021\LOMA-SUAREZ_V2\LOMA-SUAREZ_42-82cm\XRF data\L000061.spe	698.01	6.18	1	0.010265	-0.008803	0.010128	0.075074	88388	1.66	153	1525	23	58	27	999	13661	1769	24	10959	272	799	2326	263002	668	605	1342	701	6	32	0	62	4311	2997	922	1508	24	83	76	0	440	97	231	263	147	931	2163	442	164	685	160	1812	1165	1846	73180	20105	0.157	
C:\Data\MAYLE2021\LOMA-SUAREZ_V2\LOMA-SUAREZ_42-82cm\XRF data\L000062.spe	700.01	6.16	1	0.010265	-0.008803	0.010128	0.075074	89728	1.69	150	1574	17	57	18	1002	13730	1873	33	10928	471	744	2453	266277	677	605	1465	571	0	70	103	73	4624	3032	774	1343	27	118	0	15	462	84	265	236	173	1011	2166	509	420	798	0	1644	1079	2311	74316	20613	0.158	
C:\Data\MAYLE2021\LOMA-SUAREZ_V2\LOMA-SUAREZ_42-82cm\XRF data\L000063.spe	702.01	6.15	1	0.010265	-0.008803	0.010128	0.075074	91814	1.77	222	1651	44	36	38	884	14458	1809	41	11506	444	784	2356	288656	657	550	1451	633	203	76	78	15	4682	2960	749	1454	51	26	119	27	404	74	331	321	193	972	2112	383	317	950	0	1842	1131	2298	72410	20514	0.155	
C:\Data\MAYLE2021\LOMA-SUAREZ_V2\LOMA-SUAREZ_42-82cm\XRF data\L000064.spe	704.01	6.14	1	0.010265	-0.008803	0.010128	0.075074	94090	1.67	294	1607	51	68	23	851	14181	1825	0	11313	424	766	2521	292029	709	643	1477	504	22	113	140	0	4544	2807	703	1285	18	76	45	31	434	37	248	233	184	1046	2050	339	209	988	189	1681	1151	2506	75289	20653	0.160	
C:\Data\MAYLE2021\LOMA-SUAREZ_V2\LOMA-SUAREZ_42-82cm\XRF data\L000065.spe	706.01	6.13	1	0.010265	-0.008803	0.010128	0.075074	91626	1.65	218	1545	75	38	24	806	14100	1770	15	10998	504	798	2193	278481	727	748	1351	687	0	109	79	73	4485	2767	805	1481	27	18	71	27	490	0	267	257	249	957	2182	486	445	610	8	1715	1190	2570	74045	20577	0.159	
C:\Data\MAYLE2021\LOMA-SUAREZ_V2\LOMA-SUAREZ_42-82cm\XRF data\L000066.spe	708.01	6.12	1	0.010265	-0.008803	0.010128	0.075074	93917	1.61	215	1599	47	62	34	803	13771	1748	11	11104	385	836	2247	288884	650	623	1264	623	126	52	226	102	4724	2896	788	1415	11	109	38	0	478	93	240	215	189	1023	2100	404	454	917	5	1776	1159	2520	75900	20840	0.161	
C:\Data\MAYLE2021\LOMA-SUAREZ_V2\LOMA-SUAREZ_42-82cm\XRF data\L000067.spe	710.01	6.12	1	0.010265	-0.008803	0.010128	0.075074	87594	1.66	221	1444	35	25	26	894	14028	1681	18	10415	299	802	2186	270195	669	419	1252	463	33	155	61	0	4356	2535	660	1335	8	0	47	52	370	83	272	218	193	1016	1993	331	243	683	0	1748	1129	2328	70321	19671	0.155	
C:\Data\MAYLE2021\LOMA-SUAREZ_V2\LOMA-SUAREZ_42-82cm\XRF data\L000068.spe	712.01	6.10	1	0.010265	-0.008803	0.010128	0.075074	87432	1.59	230	1500	57	11	31	805	13618	1657	24	10682	341	717	2183	266363	704	476	1244	441	59	29	0	0	4242	2747	679	1175	25	74	40	60	387	91	235	275	247	932	1955	243	343	583	0	1611	1100	2506	70864	19975	0.156	
C:\Data\MAYLE2021\LOMA-SUAREZ_V2\LOMA-SUAREZ_42-82cm\XRF data\L000069.spe	714.01	6.11	1	0.010265	-0.008803	0.010128	0.075074	85640	1.63	229	1355	38	39	37	789	12862	1683	23	10081	450	788	2134	260157	669	451	1213	457	26	71	126	0	4212	2934	649	1279	24	127	19	43	494	68	122	192	249	848	2070	233	318	806	0	1422	1164	2389	69727	19718	0.155	
C:\Data\MAYLE2021\LOMA-SUAREZ_V2\LOMA-SUAREZ_42-82cm\XRF data\L000070.spe	716.01	6.12	1	0.010265	-0.008803	0.010128	0.075074	90525	1.65	190	1434	0	11	21	824	13666	1743	0	10982	327	745	2210	279491	659	507	1264	532	66	229	119	0	4692	2771	738	1463	0	96	46	0	427	0	245	314	183	872	2169	223	344	813	0	1794	1134	2379	71346	20594	0.157	
C:\Data\MAYLE2021\LOMA-SUAREZ_V2\LOMA-SUAREZ_42-82cm\XRF data\L000071.spe	718.01	6.14	1	0.010265	-0.008803	0.010128	0.075074	89644	1.60	193	1482	33	108	39	819	13695	1740	23	10752	325	773	2159	276602	656	521	1314	431	0	119	26	0	4382	2673	638	1292	13	47	30	25	467	23	232	260	173	982	2013	399	305	830	0	1839	974	2284	72481	20112	0.156	
C:\Data\MAYLE2021\LOMA-SUAREZ_V2\LOMA-SUAREZ_42-82cm\XRF data\L000072.spe	720.01	6.13	1	0.010265	-0.008803	0.010128	0.075074	88471	1.61	201	1448	72	40	48	832	12944	1692	0	10565	429	682	2132	273879	621	582	1274	453	0	116	0	17	4437	2526	581	1415	7	244	0	63	352	30	236	306	288	991	2096	370	369	834	0	1570	1141	2460	71391	19928	0.156	
C:\Data\MAYLE2021\LOMA-SUAREZ_V2\LOMA-SUAREZ_42-82cm\XRF data\L000073.spe	722.01	6.16	1	0.010265	-0.008803	0.010128	0.075074	88549	1.73	250	1414	64	16	9	709	12670	1689	7	10428	380	808	2264	269081	617	550	1161	458	0	0	19	48	4124	2421	612	1238	16	62	36	27	428	58	201	227	165	955	2051	423	363	699	129	1621	1098	2415	72631	19979	0.157	
C:\Data\MAYLE2021\LOMA-SUAREZ_V2\LOMA-SUAREZ_42-82cm\XRF data\L000074.spe	724.01	6.17	1	0.010265	-0.008803	0.010128	0.075074	90332	1.59	224	1389	34	50	33	838	12970	1714	47	11085	444	831	2444	274787	633	597	1201	626	27	97	41	64	4385	2859	755	1339	51	132	53	22	492	77	247	281	217	854	2206	316	323	876	0	1599	1067	2653	72613	20145	0.158	
C:\Data\MAYLE2021\LOMA-SUAREZ_V2\LOMA-SUAREZ_42-82cm\XRF data\L000075.spe	726.01	6.19	1	0.010265	-0.008803	0.010128	0.075074	89479	1.65	162	1446	68	38	52	851	12900	1757	14	11338	323	842	2432	267617	740	654	1371	585	31	30	63	0	4398	2802	817	1243	29	135	40	33	333	133	268	250	194	996	2169	506	400	591	0	1716	1138	2266	74034	20395	0.158	
C:\Data\MAYLE2021\LOMA-SUAREZ_V2\LOMA-SUAREZ_42-82cm\XRF data\L000076.spe	728.01	6.20	1	0.010265	-0.008803	0.010128	0.075074	90652	1.58	188	1338	49	49	24	892	13171	1853	0	11468	356	787	2277	269012	749	640	1415	569	172	115	143	90	4485	3082	707	1283	31	102	20	24	514	70	249	271	224	1003	2100	498	372	752	0	1549	960	2008	75514	20698	0.159	
C:\Data\MAYLE2021\LOMA-SUAREZ_V2\LOMA-SUAREZ_42-82cm\XRF data\L000077.spe	730.01	6.21	1	0.010265	-0.008803	0.010128	0.075074	89349	1.66	216	1466	28	38	38	965	13135	1721	24	11040	432	706	2294	266078	662	628	1263	545	25	6	7	63	4496	2881	830	1255	12	76	22	22	379	123	307	245	130	844	2082	551	459	671	0	1551	1119	2577	74423	20178	0.158	
C:\Data\MAYLE2021\LOMA-SUAREZ_V2\LOMA-SUAREZ_42-82cm\XRF data\L000078.spe	732.01	6.22	1	0.010265	-0.008803	0.010128	0.075074	89311	1.64	234	1459	38	49	4	968	13075	1726	0	10989	435	802	2270	268940	745	665	1429	549	37	47	90	95	4147	2742	693	1425	24	93	31	25	464	61	182	197	275	946	2091	434	413	670	221	1674	1096	2486	74370	19941	0.157	
C:\Data\MAYLE2021\LOMA-SUAREZ_V2\LOMA-SUAREZ_42-82cm\XRF data\L000079.spe	734.01	6.23	1	0.010265	-0.008803	0.010128	0.075074	88111	1.68	184	1410	41	43	9	908	13433	1745	0	10770	467	773	2423	266656	652	507	1302	462	0	76	134	79	4055	2814	807	1131	7	107	22	4	373	86	260	145	242	924	2139	476	422	784	482	1687	1089	2507	73195	19979	0.155	
C:\Data\MAYLE2021\LOMA-SUAREZ_V2\LOMA-SUAREZ_42-82cm\XRF data\L000080.spe	736.01	6.24	1	0.010265	-0.008803	0.010128	0.075074	87284	1.59	207	1409	31	38	46	918	13333	1757	0	10396	403	795	2296	261386	719	537	1231	385	18	189	62	74	4324	2789	657	1245	10	137	0	0	347	65	249	282	219	1031	2106	279	205	912	0	1713	1039	2199	72169	20033	0.155	
C:\Data\MAYLE2021\LOMA-SUAREZ_V2\LOMA-SUAREZ_42-82cm\XRF data\L000081.spe	738.01	6.24	1	0.010265	-0.008803	0.010128	0.075074	86307	1.66	206	1363	0	54	25	897	13673	1644	35	10315	371	797	2281	257235	660	591	1314	471	27	187	268	91	4549	2788	595	1462	10	22	135	11	471	11	243	248	202	955	1998	296	275	694	0	1471	986	2328	71508	19871	0.155	
C:\Data\MAYLE2021\LOMA-SUAREZ_V2\LOMA-SUAREZ_42-82cm\XRF data\L000082.spe	740.01	6.25	1	0.010265	-0.008803	0.010128	0.075074	86692	1.65	238	1382	17	52	0	945	13459	1727	0	10544	412	710	2596	259721	722	554	1245	587	0	218	43	56	4469	2769	629	1148	24	111	0	0	468	15	177	235	203	991	2102	56	321	958	0	1682	922	2348	72367	19973	0.156	
C:\Data\MAYLE2021\LOMA-SUAREZ_V2\LOMA-SUAREZ_42-82cm\XRF data\L000083.spe	742.01	6.25	1	0.010265	-0.008803	0.010128	0.075074	85730	1.63	152	1316	27	26	0	999	12922	1624	0	10748	353	777	2306	250043	731	642	1394	578	0	122	0	74	4340	2564	629	1195	0	40	47	39	436	6	224	255	216	785	2026	277	320	739	0	1520	1018	2372	73123	19914	0.156	
C:\Data\MAYLE2021\LOMA-SUAREZ_V2\LOMA-SUAREZ_42-82cm\XRF data\L000084.spe	744.01	6.26	1	0.010265	-0.008803	0.010128	0.075074	88668	1.66	220	1401	41	42	0	892	12928	1754	0	11239	360	724	2688	265586	657	731	1247	615	16	155	0	33	4197	2766	766	1197	30	0	125	10	359	81	266	258	178	911	2123	357	159	709	126	1514	1101	2542	74436	20050	0.158	
C:\Data\MAYLE2021\LOMA-SUAREZ_V2\LOMA-SUAREZ_42-82cm\XRF data\L000085.spe	746.01	6.26	1	0.010265	-0.008803	0.010128	0.075074	90681	1.58	207	1369	63	53	38	971	12714	1839	0	11232	458	727	2725	279637	712	628	1314	466	100	228	46	0	4485	3044	697	1271	6	144	0	33	343	47	335	251	180	990	2036	204	375	704	0	1854	1277	2286	74108	20004	0.157	
C:\Data\MAYLE2021\LOMA-SUAREZ_V2\LOMA-SUAREZ_42-82cm\XRF data\L000086.spe	748.01	6.27	1	0.010265	-0.008803	0.010128	0.075074	91821	1.65	210	1455	57	90	77	982	12689	1958	0	11782	409	835	2625	282965	784	677	1345	521	22	135	188	18	4436	3092	658	1279	20	146	0	56	383	36	264	203	226	979	1959	304	446	741	0	1701	1157	2573	75532	20409	0.159	
C:\Data\MAYLE2021\LOMA-SUAREZ_V2\LOMA-SUAREZ_42-82cm\XRF data\L000087.spe	750.01	6.27	1	0.010265	-0.008803	0.010128	0.075074	89365	1.66	227	1405	15	40	23	928	12986	1801	6	11612	475	783	2699	265052	643	553	1183	509	66	130	54	127	4448	2804	803	1353	28	12	90	32	454	43	191	237	222	1084	2044	346	317	760	0	1649	1020	1986	75203	20411	0.158	
C:\Data\MAYLE2021\LOMA-SUAREZ_V2\LOMA-SUAREZ_42-82cm\XRF data\L000088.spe	752.01	6.28	1	0.010265	-0.008803	0.010128	0.075074	89812	1.66	233	1392	65	40	45	953	12539	1963	20	11393	416	839	2663	271202	704	564	1310	557	32	123	57	99	4387	2816	658	1388	18	70	63	27	464	83	286	211	194	981	1988	411	481	1067	99	1682	1066	2407	74573	20357	0.158	
C:\Data\MAYLE2021\LOMA-SUAREZ_V2\LOMA-SUAREZ_42-82cm\XRF data\L000089.spe	754.01	6.28	1	0.010265	-0.008803	0.010128	0.075074	91124	1.65	215	1343	45	51	26	913	12984	2172	0	11442	425	821	2755	279250	678	565	1421	574	60	0	0	0	4374	2893	682	1145	16	74	0	20	346	80	295	215	194	1011	2219	435	329	953	0	1674	1127	2199	74572	20314	0.158	
C:\Data\MAYLE2021\LOMA-SUAREZ_V2\LOMA-SUAREZ_42-82cm\XRF data\L000090.spe	756.01	6.28	1	0.010265	-0.008803	0.010128	0.075074	90736	1.66	161	1450	71	65	56	1019	12965	2081	7	11828	293	734	2889	274543	728	568	1384	494	0	75	131	29	4311	2631	778	1329	17	145	0	51	468	29	320	283	237	1059	2049	401	366	967	0	1610	1116	2530	74669	20786	0.158	
C:\Data\MAYLE2021\LOMA-SUAREZ_V2\LOMA-SUAREZ_42-82cm\XRF data\L000091.spe	758.01	6.28	1	0.010265	-0.008803	0.010128	0.075074	91542	1.63	209	1392	48	90	33	989	12905	1883	0	11507	352	721	2702	285190	735	528	1377	490	0	46	54	11	4339	2558	619	1461	11	98	63	37	549	123	260	215	255	941	1889	325	200	984	47	1782	1176	2165	72622	20266	0.158	
C:\Data\MAYLE2021\LOMA-SUAREZ_V2\LOMA-SUAREZ_42-82cm\XRF data\L000092.spe	760.01	6.27	1	0.010265	-0.008803	0.010128	0.075074	92829	1.73	173	1368	11	88	20	976	13168	2203	19	11820	346	872	3015	285359	737	600	1324	554	18	16	64	117	4391	2689	688	1409	16	41	68	16	440	112	269	229	199	914	2086	373	253	897	0	1794	1050	2644	74491	20594	0.159	
C:\Data\MAYLE2021\LOMA-SUAREZ_V2\LOMA-SUAREZ_42-82cm\XRF data\L000093.spe	762.01	6.27	1	0.010265	-0.008803	0.010128	0.075074	93176	1.75	178	1342	39	63	64	961	12802	2158	7	11661	443	788	2943	284582	721	661	1392	482	65	179	48	65	4582	2909	753	1180	15	201	0	42	463	126	274	248	294	1070	2089	293	366	1007	0	1731	1198	2584	76035	20647	0.160	
C:\Data\MAYLE2021\LOMA-SUAREZ_V2\LOMA-SUAREZ_42-82cm\XRF data\L000094.spe	764.01	6.27	1	0.010265	-0.008803	0.010128	0.075074	90103	1.67	206	1382	50	88	43	1009	12837	2014	21	11761	304	766	3070	258961	705	595	1442	486	7	188	58	0	4578	2967	745	1204	31	154	36	22	472	71	266	294	234	1107	2073	265	367	729	0	1577	1064	2406	77692	20654	0.160	
C:\Data\MAYLE2021\LOMA-SUAREZ_V2\LOMA-SUAREZ_42-82cm\XRF data\L000095.spe	766.01	6.26	1	0.010265	-0.008803	0.010128	0.075074	91757	1.66	233	1341	52	42	66	941	13156	2175	43	11494	313	881	3303	266286	753	652	1397	503	6	115	114	127	4567	2922	727	1392	16	14	73	19	474	94	252	198	204	1120	2168	403	342	937	0	1740	1040	2373	78282	20887	0.161	
C:\Data\MAYLE2021\LOMA-SUAREZ_V2\LOMA-SUAREZ_42-82cm\XRF data\L000096.spe	768.01	6.26	1	0.010265	-0.008803	0.010128	0.075074	94688	1.78	215	1307	76	27	17	926	13025	2184	10	11817	432	865	3120	290731	712	631	1475	537	138	236	184	44	4445	2939	825	1378	8	27	118	0	529	0	131	304	270	1008	2081	339	268	1297	0	1913	1204	2478	77994	20540	0.161	
C:\Data\MAYLE2021\LOMA-SUAREZ_V2\LOMA-SUAREZ_42-82cm\XRF data\L000097.spe	770.01	6.25	1	0.010265	-0.008803	0.010128	0.075074	96311	1.69	178	1349	88	90	66	883	12426	2107	0	11877	193	745	3265	306785	717	640	1298	495	83	419	97	0	4137	2813	704	1225	5	121	0	5	361	17	372	325	178	953	2059	207	153	916	0	1762	1179	3086	75689	20447	0.160	
C:\Data\MAYLE2021\LOMA-SUAREZ_V2\LOMA-SUAREZ_42-82cm\XRF data\L000098.spe	772.01	6.25	1	0.010265	-0.008803	0.010128	0.075074	94061	1.73	146	1303	64	43	0	916	12618	2025	4	11424	356	857	3300	289483	672	631	1262	531	16	278	118	0	4573	2923	692	1295	0	8	37	0	352	66	264	215	178	984	2105	307	332	640	0	1900	1208	2221	78115	20835	0.160	
C:\Data\MAYLE2021\LOMA-SUAREZ_V2\LOMA-SUAREZ_42-82cm\XRF data\L000099.spe	774.01	6.26	1	0.010265	-0.008803	0.010128	0.075074	92195	1.69	157	1265	83	42	20	953	13082	2059	0	11444	364	841	3206	274424	687	544	1283	500	12	207	141	92	4427	2732	817	1367	30	99	66	32	482	73	244	278	212	985	2174	264	391	1063	0	1905	1146	1723	77242	20579	0.160	
C:\Data\MAYLE2021\LOMA-SUAREZ_V2\LOMA-SUAREZ_42-82cm\XRF data\L000100.spe	776.01	6.26	1	0.010265	-0.008803	0.010128	0.075074	92295	1.59	155	1374	108	67	41	932	13217	2085	18	11507	374	846	3222	268622	756	755	1430	605	5	135	0	171	4449	3140	856	1263	24	115	36	40	502	58	209	211	265	980	2280	430	333	874	33	1721	1011	2308	78683	20832	0.162	
C:\Data\MAYLE2021\LOMA-SUAREZ_V2\LOMA-SUAREZ_42-82cm\XRF data\L000101.spe	778.01	6.27	1	0.010265	-0.008803	0.010128	0.075074	92380	1.67	166	1123	83	55	40	950	12650	2165	28	10136	361	814	3247	271281	749	711	1494	544	0	291	0	0	4324	2663	839	1245	16	53	50	21	343	62	242	256	244	1072	2098	265	332	933	0	1586	1057	2200	78709	20384	0.162	
C:\Data\MAYLE2021\LOMA-SUAREZ_V2\LOMA-SUAREZ_42-82cm\XRF data\L000102.spe	780.01	6.26	1	0.010265	-0.008803	0.010128	0.075074	94781	1.64	195	1191	103	82	15	882	12377	2170	31	9828	460	750	3203	287797	689	612	1273	554	14	634	68	65	4431	2540	523	1311	25	81	0	38	247	36	296	257	180	899	2008	376	296	827	0	1797	1092	2339	78817	20720	0.162	
C:\Data\MAYLE2021\LOMA-SUAREZ_V2\LOMA-SUAREZ_42-82cm\XRF data\L000103.spe	782.01	6.26	1	0.010265	-0.008803	0.010128	0.075074	95348	1.79	175	1356	103	64	15	939	12726	2020	30	11562	276	834	3442	294107	768	603	1204	547	42	548	9	55	4091	2947	953	1314	0	95	0	29	252	33	324	290	207	999	2078	341	324	1140	57	1737	1135	2471	77637	20562	0.162	
C:\Data\MAYLE2021\LOMA-SUAREZ_V2\LOMA-SUAREZ_42-82cm\XRF data\L000104.spe	784.01	6.25	1	0.010265	-0.008803	0.010128	0.075074	95224	1.65	218	1380	94	61	28	945	12690	2023	0	11542	464	766	5344	296768	660	591	1256	408	137	96	163	39	4210	2977	827	1105	13	108	41	27	459	100	201	251	213	920	1979	469	324	976	0	1875	1203	2412	76744	20462	0.161	
C:\Data\MAYLE2021\LOMA-SUAREZ_V2\LOMA-SUAREZ_42-82cm\XRF data\L000105.spe	786.01	6.25	1	0.010265	-0.008803	0.010128	0.075074	94532	1.69	184	1332	107	55	13	901	12460	2075	0	11434	355	829	3829	286874	704	577	1269	519	83	25	67	0	4511	2851	687	1106	45	100	0	12	301	142	332	198	241	1084	2085	424	383	1003	0	1760	1119	2329	79561	20557	0.162	
C:\Data\MAYLE2021\LOMA-SUAREZ_V2\LOMA-SUAREZ_42-82cm\XRF data\L000106.spe	788.01	6.25	1	0.010265	-0.008803	0.010128	0.075074	91948	1.63	166	1320	53	57	26	871	12602	2172	0	11364	444	799	3409	263125	759	749	1382	604	97	62	119	10	4274	3040	912	1565	21	225	0	29	346	66	265	227	232	953	2181	530	405	803	68	1624	1007	2278	80424	20681	0.162	
C:\Data\MAYLE2021\LOMA-SUAREZ_V2\LOMA-SUAREZ_42-82cm\XRF data\L000107.spe	790.01	6.25	1	0.010265	-0.008803	0.010128	0.075074	91931	1.73	174	1328	92	103	46	1019	12661	2203	65	11131	294	835	3422	263130	747	789	1285	621	8	106	136	0	4388	2851	667	1312	0	59	28	68	383	79	344	243	200	928	2154	415	423	573	0	1876	1000	2110	80642	21378	0.163	
C:\Data\MAYLE2021\LOMA-SUAREZ_V2\LOMA-SUAREZ_42-82cm\XRF data\L000108.spe	792.01	6.25	1	0.010265	-0.008803	0.010128	0.075074	90570	1.64	214	1287	66	65	25	973	12320	2085	0	11117	311	818	3309	257012	635	549	1390	534	0	133	26	66	4259	2848	766	1509	0	135	0	13	376	13	242	270	184	1019	2025	353	332	780	0	1623	1045	2214	79254	20760	0.162	
C:\Data\MAYLE2021\LOMA-SUAREZ_V2\LOMA-SUAREZ_42-82cm\XRF data\L000109.spe	794.01	6.25	1	0.010265	-0.008803	0.010128	0.075074	90021	1.65	186	1349	69	93	73	968	12724	2383	0	11156	379	737	3585	250759	681	558	1200	368	0	36	87	0	4539	2597	727	1349	23	68	69	31	279	97	321	215	212	1006	2054	343	402	571	0	1538	970	2461	79447	20578	0.162	
C:\Data\MAYLE2021\LOMA-SUAREZ_V2\LOMA-SUAREZ_42-82cm\XRF data\L000110.spe	796.01	6.24	1	0.010265	-0.008803	0.010128	0.075074	88612	1.60	191	1331	26	56	32	992	12391	2266	0	10756	293	800	3201	248220	688	801	1348	632	0	121	27	25	4157	2917	799	1173	0	75	34	30	351	59	267	275	206	1127	2173	440	310	699	0	1557	1021	2122	78964	20647	0.161	
C:\Data\MAYLE2021\LOMA-SUAREZ_V2\LOMA-SUAREZ_42-82cm\XRF data\L000111.spe	798.01	6.24	1	0.010265	-0.008803	0.010128	0.075074	90533	1.68	242	1448	44	55	27	928	12656	2386	0	11041	322	813	3704	257212	761	897	1281	518	99	182	33	77	4170	2634	788	1344	9	0	87	15	378	57	254	265	167	1046	2002	360	519	817	52	1739	952	1993	78319	20931	0.162	
C:\Data\MAYLE2021\LOMA-SUAREZ_V2\LOMA-SUAREZ_42-82cm\XRF data\L000112.spe	800.01	6.24	1	0.010265	-0.008803	0.010128	0.075074	89824	1.54	250	1518	34	81	56	948	12835	2244	45	11342	445	748	3496	250831	735	740	1384	644	38	88	35	106	4430	2764	792	1432	31	83	63	22	430	31	262	272	233	1080	2179	474	401	912	0	1754	1068	2184	79181	21094	0.162	
C:\Data\MAYLE2021\LOMA-SUAREZ_V2\LOMA-SUAREZ_42-82cm\XRF data\L000113.spe	802.01	6.25	1	0.010265	-0.008803	0.010128	0.075074	90453	1.68	215	1403	10	40	34	940	12611	2268	0	11272	579	817	3635	254820	700	606	1350	558	0	239	81	59	4588	2944	756	1473	29	48	91	22	387	124	266	130	236	1030	2066	237	276	772	0	1694	1004	2205	79483	20990	0.162	
C:\Data\MAYLE2021\LOMA-SUAREZ_V2\LOMA-SUAREZ_42-82cm\XRF data\L000114.spe	804.01	6.23	1	0.010265	-0.008803	0.010128	0.075074	90862	1.71	235	1465	17	15	0	929	12886	2246	19	11851	309	759	3626	254002	720	763	1334	547	0	0	9	26	4385	2904	868	1355	0	126	0	33	369	11	279	301	270	1060	2169	461	343	680	0	1406	1020	2416	79676	20656	0.162	
C:\Data\MAYLE2021\LOMA-SUAREZ_V2\LOMA-SUAREZ_42-82cm\XRF data\L000115.spe	806.01	6.23	1	0.010265	-0.008803	0.010128	0.075074	90754	1.68	214	1518	43	85	59	954	12804	2267	24	11723	285	768	3412	257114	743	723	1286	566	68	225	0	56	4631	2975	831	1312	51	107	36	74	442	77	336	264	192	1074	2036	400	250	867	0	1639	1054	2380	79097	20977	0.162	
C:\Data\MAYLE2021\LOMA-SUAREZ_V2\LOMA-SUAREZ_42-82cm\XRF data\L000116.spe	808.01	6.23	1	0.010265	-0.008803	0.010128	0.075074	92886	1.74	203	1611	61	81	34	915	12608	2106	12	12165	414	809	3959	271759	733	679	1315	631	0	147	0	58	4380	2762	620	1469	16	108	17	44	493	72	247	290	242	1054	2156	499	329	814	98	1687	1128	2210	77943	20936	0.163	
C:\Data\MAYLE2021\LOMA-SUAREZ_V2\LOMA-SUAREZ_42-82cm\XRF data\L000117.spe	810.01	6.24	1	0.010265	-0.008803	0.010128	0.075074	91483	1.66	235	1588	21	27	42	958	12914	2227	20	11845	418	796	3424	260572	718	675	1379	577	0	67	67	188	4491	2934	1008	1308	8	104	17	49	450	38	247	314	197	1013	2162	429	421	721	0	1729	1046	1820	79099	21064	0.163	
C:\Data\MAYLE2021\LOMA-SUAREZ_V2\LOMA-SUAREZ_42-82cm\XRF data\L000118.spe	812.01	6.23	1	0.010265	-0.008803	0.010128	0.075074	91132	1.64	244	1585	51	79	46	912	12942	2070	0	12479	405	865	3186	250748	668	639	1267	608	22	33	0	45	4337	2929	856	1491	12	45	100	25	384	83	287	224	203	1114	2189	369	312	704	0	1525	1047	2296	80665	21145	0.164	
C:\Data\MAYLE2021\LOMA-SUAREZ_V2\LOMA-SUAREZ_42-82cm\XRF data\L000119.spe	814.01	6.22	1	0.010265	-0.008803	0.010128	0.075074	87342	1.58	224	1595	7	81	31	828	12853	2060	0	11685	407	743	2843	254154	673	541	1344	470	0	131	133	56	4368	2680	674	1433	0	45	80	5	384	22	282	219	155	996	2148	513	257	724	0	1298	1019	2492	74131	19893	0.157	
C:\Data\MAYLE2021\LOMA-SUAREZ_V2\LOMA-SUAREZ_42-82cm\XRF data\L000120.spe	816.01	6.23	1	0.010265	-0.008803	0.010128	0.075074	90060	1.63	291	1496	25	25	43	936	12754	1917	32	12082	351	792	2608	259430	767	653	1384	472	0	13	6	0	4119	2898	796	1495	30	31	44	21	434	56	287	234	189	1148	2042	454	244	704	0	1717	1097	2124	77214	20453	0.161	
C:\Data\MAYLE2021\LOMA-SUAREZ_V2\LOMA-SUAREZ_42-82cm\XRF data\L000121.spe	818.01	6.23	1	0.010265	-0.008803	0.010128	0.075074	88621	1.64	215	1477	0	40	0	915	12171	1786	0	11557	261	796	2657	259156	734	567	1243	511	141	163	194	90	4291	2797	741	1270	47	162	0	35	482	21	154	267	270	1073	2109	439	401	922	0	1579	1157	2195	76031	20054	0.159	
C:\Data\MAYLE2021\LOMA-SUAREZ_V2\LOMA-SUAREZ_42-82cm\XRF data\L000122.spe	820.01	6.24	1	0.010265	-0.008803	0.010128	0.075074	93080	1.63	208	1524	62	42	31	957	12992	1897	49	12031	307	773	2703	275694	683	548	1123	479	0	159	0	36	4215	2980	891	1381	43	30	62	52	437	40	204	298	255	1096	2191	409	232	759	0	1693	1087	2798	78478	21210	0.162	
C:\Data\MAYLE2021\LOMA-SUAREZ_V2\LOMA-SUAREZ_42-82cm\XRF data\L000123.spe	822.01	6.24	1	0.010265	-0.008803	0.010128	0.075074	92432	1.69	200	1509	72	73	50	851	12732	1964	0	11401	358	659	2662	269929	670	606	1296	554	24	6	52	0	4373	2713	708	1344	20	63	73	58	424	102	280	278	212	1034	2068	486	407	795	0	1704	1118	2112	78854	21022	0.162	
C:\Data\MAYLE2021\LOMA-SUAREZ_V2\LOMA-SUAREZ_42-82cm\XRF data\L000124.spe	824.01	6.24	1	0.010265	-0.008803	0.010128	0.075074	90369	1.61	235	1532	37	59	32	953	12829	2125	6	11033	256	784	2569	255086	692	750	1193	494	0	136	118	142	4357	2742	872	1584	10	169	0	58	470	8	236	260	226	1098	2198	290	199	797	44	1666	963	2210	79010	21086	0.162	
C:\Data\MAYLE2021\LOMA-SUAREZ_V2\LOMA-SUAREZ_42-82cm\XRF data\L000125.spe	826.01	6.24	1	0.010265	-0.008803	0.010128	0.075074	89312	1.59	231	1491	42	58	0	925	12576	2127	24	10519	420	852	2693	247127	755	800	1454	631	0	166	0	104	4351	2760	860	1164	29	0	96	24	256	96	351	157	127	976	2187	466	339	933	155	1527	1074	2229	80118	21097	0.163	
C:\Data\MAYLE2021\LOMA-SUAREZ_V2\LOMA-SUAREZ_42-82cm\XRF data\L000126.spe	828.01	6.24	1	0.010265	-0.008803	0.010128	0.075074	89560	1.60	183	1418	72	68	28	895	12713	2290	0	10550	372	836	2746	240491	689	853	1353	528	0	57	12	67	4347	2854	813	1318	22	153	25	24	409	60	228	225	193	1103	2209	535	422	650	40	1583	954	2035	81299	21333	0.164	
C:\Data\MAYLE2021\LOMA-SUAREZ_V2\LOMA-SUAREZ_42-82cm\XRF data\L000127.spe	830.01	6.24	1	0.010265	-0.008803	0.010128	0.075074	88566	1.57	228	1427	46	74	33	945	13337	2234	0	10535	257	781	2672	236112	750	767	1298	529	75	96	0	0	4557	2707	851	1276	8	53	51	19	440	80	239	256	189	1008	2127	449	135	815	0	1465	973	2163	80087	20918	0.164	
C:\Data\MAYLE2021\LOMA-SUAREZ_V2\LOMA-SUAREZ_42-82cm\XRF data\L000128.spe	832.01	6.24	1	0.010265	-0.008803	0.010128	0.075074	87974	1.57	229	1369	60	98	56	953	12899	2224	25	10794	414	884	2600	237942	755	751	1433	530	46	112	102	187	4266	2986	907	1341	18	56	53	46	497	40	233	264	192	1144	2162	507	578	641	207	1395	956	2174	80027	20894	0.162	
C:\Data\MAYLE2021\LOMA-SUAREZ_V2\LOMA-SUAREZ_42-82cm\XRF data\L000129.spe	834.01	6.24	1	0.010265	-0.008803	0.010128	0.075074	87142	1.64	154	1425	49	58	36	945	13158	2245	0	10531	459	868	2731	240950	725	787	1259	630	135	136	51	66	4462	2809	845	1092	9	0	138	0	388	67	292	259	180	1046	2159	441	286	560	0	1479	1039	2531	76241	20339	0.160	
C:\Data\MAYLE2021\LOMA-SUAREZ_V2\LOMA-SUAREZ_42-82cm\XRF data\L000130.spe	836.01	6.24	1	0.010265	-0.008803	0.010128	0.075074	86702	1.60	223	1526	51	73	11	898	13505	2244	0	9855	462	784	2626	240203	736	882	1420	667	0	112	169	23	4756	2594	742	1432	22	159	0	44	546	22	233	269	220	925	2233	471	392	766	77	1532	1002	2000	74857	20227	0.159	
C:\Data\MAYLE2021\LOMA-SUAREZ_V2\LOMA-SUAREZ_42-82cm\XRF data\L000131.spe	838.01	6.25	1	0.010265	-0.008803	0.010128	0.075074	87286	1.56	195	1565	38	52	29	963	13364	2614	22	9991	425	870	3086	243398	781	891	1511	609	143	174	69	7	4478	2734	978	1123	5	97	36	8	472	66	267	256	205	1056	2137	377	360	594	0	1602	1089	2135	75872	20617	0.160	
C:\Data\MAYLE2021\LOMA-SUAREZ_V2\LOMA-SUAREZ_42-82cm\XRF data\L000132.spe	840.01	6.25	1	0.010265	-0.008803	0.010128	0.075074	87045	1.60	244	1495	12	55	25	916	13489	2327	50	9980	373	856	2842	242333	739	923	1476	597	50	24	157	59	4902	2619	917	1434	0	59	95	17	484	65	233	248	225	1041	2147	468	274	704	0	1601	926	1879	75445	20073	0.159	
C:\Data\MAYLE2021\LOMA-SUAREZ_V2\LOMA-SUAREZ_42-82cm\XRF data\L000133.spe	842.01	6.25	1	0.010265	-0.008803	0.010128	0.075074	86425	1.59	192	1519	0	55	0	886	13540	2391	0	9685	517	828	2785	238164	788	891	1525	597	0	184	66	34	4884	2749	738	1040	54	32	63	33	451	101	214	216	180	960	2189	380	402	727	0	1438	993	2141	75445	20337	0.159	
C:\Data\MAYLE2021\LOMA-SUAREZ_V2\LOMA-SUAREZ_42-82cm\XRF data\L000134.spe	844.01	6.26	1	0.010265	-0.008803	0.010128	0.075074	84620	1.50	247	1585	27	55	47	974	13519	2268	0	10320	391	825	2556	227726	834	832	1555	620	72	125	99	0	5091	2744	886	1421	9	96	39	64	573	59	279	275	182	961	2117	485	506	382	0	1226	1006	2279	75634	20916	0.159	
C:\Data\MAYLE2021\LOMA-SUAREZ_V2\LOMA-SUAREZ_42-82cm\XRF data\L000135.spe	846.01	6.25	1	0.010265	-0.008803	0.010128	0.075074	86394	1.61	259	1606	27	58	0	874	13889	2232	15	10164	518	890	2708	236113	799	859	1506	653	0	181	149	0	5290	2957	874	1347	55	170	0	33	493	68	271	163	196	921	2207	187	426	869	0	1450	883	2026	76124	21064	0.159	
C:\Data\MAYLE2021\LOMA-SUAREZ_V2\LOMA-SUAREZ_42-82cm\XRF data\L000136.spe	848.01	6.26	1	0.010265	-0.008803	0.010128	0.075074	87083	1.61	220	1535	0	50	22	908	14019	2252	32	9780	334	789	2687	238506	752	1016	1433	655	96	85	122	0	5105	2639	940	1050	14	0	108	53	564	145	236	242	199	876	2142	359	360	752	0	1550	1023	2046	77639	21145	0.160	
C:\Data\MAYLE2021\LOMA-SUAREZ_V2\LOMA-SUAREZ_42-82cm\XRF data\L000137.spe	850.01	6.26	1	0.010265	-0.008803	0.010128	0.075074	86725	1.55	221	1454	50	62	27	948	13866	2315	9	9681	426	871	2825	235637	868	937	1583	602	185	178	71	38	4849	2769	950	1028	37	152	6	17	344	56	305	253	209	1106	2284	297	111	702	0	1344	941	2425	77421	20629	0.160	
C:\Data\MAYLE2021\LOMA-SUAREZ_V2\LOMA-SUAREZ_42-82cm\XRF data\L000138.spe	852.01	6.25	1	0.010265	-0.008803	0.010128	0.075074	85473	1.70	259	1565	45	69	28	918	13332	2325	0	9747	456	694	2652	233671	780	831	1511	560	13	34	157	116	4959	2616	815	1297	22	104	0	23	443	29	239	285	210	1016	2105	378	407	831	0	1405	1049	2219	75516	20450	0.158	
C:\Data\MAYLE2021\LOMA-SUAREZ_V2\LOMA-SUAREZ_42-82cm\XRF data\L000139.spe	854.01	6.25	1	0.010265	-0.008803	0.010128	0.075074	85823	1.64	279	1695	28	66	44	918	13959	2288	23	10422	368	760	2607	234480	777	962	1550	644	127	187	0	70	5066	2741	842	1145	51	123	0	50	514	117	285	252	169	1022	2092	256	340	570	0	1478	1032	2236	74790	20788	0.159	
C:\Data\MAYLE2021\LOMA-SUAREZ_V2\LOMA-SUAREZ_42-82cm\XRF data\L000140.spe	856.01	6.26	1	0.010265	-0.008803	0.010128	0.075074	85094	1.59	269	1733	7	68	13	867	13875	2092	0	10625	523	872	2367	230498	750	854	1539	546	0	159	98	12	5049	2821	843	1337	28	9	34	47	551	61	230	216	230	1047	2161	334	315	660	0	1553	949	2086	74325	20550	0.158	
C:\Data\MAYLE2021\LOMA-SUAREZ_V2\LOMA-SUAREZ_42-82cm\XRF data\L000141.spe	858.01	6.25	1	0.010265	-0.008803	0.010128	0.075074	84406	1.50	276	1898	34	43	46	855	13686	2149	44	11465	541	766	2351	225337	852	954	1695	745	77	214	117	50	4781	2924	925	1609	13	144	0	35	431	72	347	286	210	1009	2311	331	363	608	44	1360	914	2287	73440	20681	0.158	
C:\Data\MAYLE2021\LOMA-SUAREZ_V2\LOMA-SUAREZ_42-82cm\XRF data\L000142.spe	860.01	6.25	1	0.010265	-0.008803	0.010128	0.075074	83481	1.57	266	1917	22	65	6	912	13937	2028	44	12269	504	755	2137	216008	740	755	1412	575	0	71	87	0	4766	3265	983	1500	4	77	27	0	523	34	219	275	188	992	2205	419	373	543	0	1410	842	1590	74170	21014	0.160	
C:\Data\MAYLE2021\LOMA-SUAREZ_V2\LOMA-SUAREZ_42-82cm\XRF data\L000143.spe	862.01	6.25	1	0.010265	-0.008803	0.010128	0.075074	84577	1.52	271	1817	0	48	6	930	13802	1990	4	11540	205	866	2142	224762	731	754	1450	625	131	178	183	23	4872	3098	1063	1395	15	31	54	0	507	121	290	272	122	977	2208	411	417	607	0	1528	838	1856	74616	20707	0.158	
C:\Data\MAYLE2021\LOMA-SUAREZ_V2\LOMA-SUAREZ_42-82cm\XRF data\L000144.spe	864.01	6.25	1	0.010265	-0.008803	0.010128	0.075074	81802	1.51	230	1867	0	24	22	908	13746	1877	5	12060	478	733	2027	210182	732	704	1511	583	51	129	41	0	4757	3093	1197	1657	6	81	0	35	528	54	306	211	203	1065	2247	386	323	563	0	1371	914	1758	73612	20333	0.157	
C:\Data\MAYLE2021\LOMA-SUAREZ_V2\LOMA-SUAREZ_42-82cm\XRF data\L000145.spe	866.01	6.24	1	0.010265	-0.008803	0.010128	0.075074	78265	1.42	248	2111	46	40	55	889	14068	1694	0	14084	527	790	1688	184657	688	556	1325	588	17	204	0	0	5039	3560	729	1743	18	94	27	30	478	128	260	166	151	1041	2386	218	178	506	0	1054	798	1735	72848	20293	0.158	
C:\Data\MAYLE2021\LOMA-SUAREZ_V2\LOMA-SUAREZ_42-82cm\XRF data\L000146.spe	868.01	6.25	1	0.010265	-0.008803	0.010128	0.075074	78524	1.47	258	2041	8	39	74	914	14104	1530	0	14349	469	743	1640	187504	690	609	1220	745	73	121	23	149	4758	3586	930	1991	0	165	0	28	537	61	284	254	177	942	2360	451	334	492	0	1230	760	1592	73105	20841	0.158	
C:\Data\MAYLE2021\LOMA-SUAREZ_V2\LOMA-SUAREZ_42-82cm\XRF data\L000147.spe	870.01	6.25	1	0.010265	-0.008803	0.010128	0.075074	76919	1.48	202	2052	49	76	31	888	14007	1529	32	14287	591	639	1637	175498	729	458	1258	561	0	20	0	0	4654	3655	1083	1752	26	106	77	5	618	85	250	202	182	1005	2372	352	203	418	0	1027	661	1585	73565	21196	0.159	
C:\Data\MAYLE2021\LOMA-SUAREZ_V2\LOMA-SUAREZ_42-82cm\XRF data\L000148.spe	872.01	6.24	1	0.010265	-0.008803	0.010128	0.075074	77342	1.50	243	2156	28	75	46	898	14330	1557	14	14175	471	678	1665	175405	661	582	1338	571	0	64	60	6	4949	3695	829	1911	45	150	42	79	643	76	273	245	183	972	2270	476	323	386	0	1058	688	1686	73533	21156	0.158	
C:\Data\MAYLE2021\LOMA-SUAREZ_V2\LOMA-SUAREZ_42-82cm\XRF data\L000149.spe	874.01	6.25	1	0.010265	-0.008803	0.010128	0.075074	77741	1.48	250	1963	9	16	37	904	14221	1593	0	13709	464	691	1620	182745	689	638	1299	707	0	167	0	39	4909	3585	872	1939	19	59	43	40	592	85	231	238	187	847	2500	387	538	594	0	885	842	1935	71665	20621	0.157	
C:\Data\MAYLE2021\LOMA-SUAREZ_V2\LOMA-SUAREZ_42-82cm\XRF data\L000150.spe	876.01	6.24	1	0.010265	-0.008803	0.010128	0.075074	79305	1.54	234	1966	33	67	36	870	13936	1591	28	14171	353	706	2624	192528	685	553	1391	609	56	188	0	0	4797	3511	884	1809	26	155	27	26	430	94	367	261	188	990	2373	485	224	519	0	1086	801	1838	72891	20493	0.157	
C:\Data\MAYLE2021\LOMA-SUAREZ_V2\LOMA-SUAREZ_42-82cm\XRF data\L000151.spe	878.01	6.24	1	0.010265	-0.008803	0.010128	0.075074	79347	1.51	230	2100	18	54	20	894	14404	1636	23	14368	319	810	1715	188996	657	548	1525	641	68	145	38	0	4799	3691	974	2007	27	62	30	0	572	88	294	239	190	1010	2368	375	390	607	0	1150	774	1860	73684	20913	0.158	
C:\Data\MAYLE2021\LOMA-SUAREZ_V2\LOMA-SUAREZ_42-82cm\XRF data\L000152.spe	880.01	6.24	1	0.010265	-0.008803	0.010128	0.075074	78270	1.52	216	1989	28	59	19	908	14144	1579	14	14368	425	813	1659	182641	634	527	1365	613	22	190	30	23	4993	3788	862	2033	30	110	46	57	614	101	261	236	152	956	2250	260	336	613	0	997	693	1863	72944	20462	0.158	
C:\Data\MAYLE2021\LOMA-SUAREZ_V2\LOMA-SUAREZ_42-82cm\XRF data\L000153.spe	882.01	6.24	1	0.010265	-0.008803	0.010128	0.075074	78775	1.55	272	1984	51	70	24	895	14199	1518	0	14021	533	750	1660	188660	714	481	1485	666	10	89	30	0	4775	3328	1104	1754	42	125	0	37	576	56	206	261	218	1107	2453	356	388	441	0	1224	834	1701	71730	20806	0.158	
C:\Data\MAYLE2021\LOMA-SUAREZ_V2\LOMA-SUAREZ_42-82cm\XRF data\L000154.spe	884.01	6.24	1	0.010265	-0.008803	0.010128	0.075074	79217	1.49	272	1966	56	27	31	874	14398	1554	22	14075	566	713	1535	190795	610	492	1353	478	62	80	16	0	4989	3756	998	1884	14	79	23	30	448	104	265	235	176	1112	2341	229	406	529	0	1122	805	1819	73035	21094	0.158	
C:\Data\MAYLE2021\LOMA-SUAREZ_V2\LOMA-SUAREZ_42-82cm\XRF data\L000155.spe	886.01	6.23	1	0.010265	-0.008803	0.010128	0.075074	79688	1.46	273	2012	32	37	55	881	14462	1460	50	14096	350	722	1598	191849	610	506	1384	641	37	105	0	0	4857	3501	703	1919	0	0	113	0	403	38	372	274	145	1027	2386	319	256	516	0	1324	653	1952	74356	20988	0.158	
C:\Data\MAYLE2021\LOMA-SUAREZ_V2\LOMA-SUAREZ_42-82cm\XRF data\L000156.spe	888.01	6.24	1	0.010265	-0.008803	0.010128	0.075074	79974	1.59	217	1988	44	46	5	880	14692	1551	30	13947	409	778	1595	194756	584	509	1420	642	71	85	172	0	4952	3500	884	1681	30	0	101	0	453	70	320	242	150	1028	2322	386	182	512	0	1076	807	1936	73816	20942	0.158	
C:\Data\MAYLE2021\LOMA-SUAREZ_V2\LOMA-SUAREZ_42-82cm\XRF data\L000157.spe	890.01	6.24	1	0.010265	-0.008803	0.010128	0.075074	79090	1.52	248	1908	37	48	31	935	14122	1475	21	13927	386	767	1581	192463	662	529	1391	537	0	66	150	57	4523	3412	983	1904	0	130	16	25	597	71	225	188	162	907	2216	334	312	464	15	1260	748	1612	72984	20664	0.158	
C:\Data\MAYLE2021\LOMA-SUAREZ_V2\LOMA-SUAREZ_42-82cm\XRF data\L000158.spe	892.01	6.24	1	0.010265	-0.008803	0.010128	0.075074	79717	1.55	234	2009	32	32	29	815	14043	1609	0	13400	423	721	1666	197144	775	623	1368	576	50	0	84	4	4973	3615	768	1836	22	203	0	31	606	22	225	314	202	1099	2300	644	293	361	0	1128	845	1998	72921	20743	0.157	
C:\Data\MAYLE2021\LOMA-SUAREZ_V2\LOMA-SUAREZ_42-82cm\XRF data\L000159.spe	894.01	6.23	1	0.010265	-0.008803	0.010128	0.075074	79509	1.57	232	1819	7	63	42	902	13800	1617	8	13078	438	745	1741	202287	664	682	1185	483	88	6	27	0	4834	3454	903	2020	9	9	109	30	465	140	217	150	234	980	2142	422	351	395	0	1092	795	2041	69997	20442	0.156	
C:\Data\MAYLE2021\LOMA-SUAREZ_V2\LOMA-SUAREZ_42-82cm\XRF data\L000160.spe	896.01	6.24	1	0.010265	-0.008803	0.010128	0.075074	79615	1.50	319	1822	49	45	38	858	14331	1752	45	13604	475	773	1657	194584	758	661	1328	556	54	206	31	49	4783	3660	864	1913	20	74	9	21	495	96	333	261	171	1081	2301	448	374	579	59	1182	815	2006	73236	20655	0.157	
C:\Data\MAYLE2021\LOMA-SUAREZ_V2\LOMA-SUAREZ_42-82cm\XRF data\L000161.spe	898.01	6.24	1	0.010265	-0.008803	0.010128	0.075074	78729	1.55	297	1963	27	58	31	879	14524	1498	39	14392	393	711	1544	186677	714	520	1446	634	79	134	147	0	4651	3610	1025	1859	18	7	114	34	507	110	264	269	198	1084	2407	287	235	479	0	1449	781	1455	73444	21090	0.157	
C:\Data\MAYLE2021\LOMA-SUAREZ_V2\LOMA-SUAREZ_42-82cm\XRF data\L000162.spe	900.01	6.24	1	0.010265	-0.008803	0.010128	0.075074	77904	1.54	244	1939	31	52	48	922	14229	1442	19	14156	352	767	1512	189652	593	537	1327	577	0	262	151	36	4592	3563	848	1891	14	53	120	9	435	111	289	221	158	925	2302	316	437	634	0	1155	818	1838	70899	20161	0.156	
C:\Data\MAYLE2021\LOMA-SUAREZ_V2\LOMA-SUAREZ_42-82cm\XRF data\L000163.spe	902.01	6.24	1	0.010265	-0.008803	0.010128	0.075074	75890	1.48	279	1871	43	36	8	820	13289	1339	0	13693	517	708	1437	186277	708	435	1410	503	50	148	48	0	4679	3402	961	1725	19	134	22	0	437	29	278	214	132	1042	2200	239	458	550	0	1129	776	1815	70243	20112	0.154	
C:\Data\MAYLE2021\LOMA-SUAREZ_V2\LOMA-SUAREZ_42-82cm\XRF data\L000164.spe	904.01	6.25	1	0.010265	-0.008803	0.010128	0.075074	78907	1.54	207	2036	38	63	56	881	14341	1506	37	14307	318	780	1519	196979	684	643	1532	542	35	0	90	0	4624	3691	932	2106	6	81	66	29	477	127	360	230	168	916	2327	445	334	612	0	1332	860	1550	71397	20936	0.156	
C:\Data\MAYLE2021\LOMA-SUAREZ_V2\LOMA-SUAREZ_42-82cm\XRF data\L000165.spe	906.01	6.26	1	0.010265	-0.008803	0.010128	0.075074	80078	1.57	213	2009	5	65	65	934	14257	1599	20	13472	459	789	1655	202097	638	693	1464	629	0	251	0	14	4863	3710	1020	1975	17	110	9	43	549	153	244	248	200	891	2468	381	292	800	0	1311	860	1855	71123	20946	0.157	
C:\Data\MAYLE2021\LOMA-SUAREZ_V2\LOMA-SUAREZ_42-82cm\XRF data\L000166.spe	908.01	6.26	1	0.010265	-0.008803	0.010128	0.075074	79127	1.64	231	2020	9	65	40	883	14390	1510	45	14218	406	780	1605	197432	728	550	1469	663	92	0	0	0	4732	3761	964	1848	12	72	28	7	423	123	284	220	199	989	2281	454	272	466	0	1341	870	1898	71116	20583	0.157	
C:\Data\MAYLE2021\LOMA-SUAREZ_V2\LOMA-SUAREZ_42-82cm\XRF data\L000167.spe	910.01	6.26	1	0.010265	-0.008803	0.010128	0.075074	78739	1.48	287	2040	39	58	39	844	14251	1388	0	14306	505	792	1547	195325	666	449	1338	731	109	216	198	81	4592	3575	1086	2106	29	139	52	30	473	59	264	212	236	1040	2317	323	318	579	0	1306	870	1698	70924	20343	0.157	
C:\Data\MAYLE2021\LOMA-SUAREZ_V2\LOMA-SUAREZ_42-82cm\XRF data\L000168.spe	912.01	6.26	1	0.010265	-0.008803	0.010128	0.075074	80195	1.55	254	1957	54	44	29	848	14140	1549	14	14255	400	808	1508	205236	700	542	1472	622	107	203	47	42	4709	3407	845	1798	10	142	0	31	512	100	312	233	175	898	2308	335	324	625	0	1436	907	1838	71363	20833	0.156	
C:\Data\MAYLE2021\LOMA-SUAREZ_V2\LOMA-SUAREZ_42-82cm\XRF data\L000169.spe	914.01	6.26	1	0.010265	-0.008803	0.010128	0.075074	79702	1.57	219	1970	28	40	85	879	13949	1507	8	14018	419	820	1638	198418	705	570	1408	672	62	62	46	0	4882	3465	1073	1695	22	155	16	68	551	136	247	242	191	952	2361	323	290	635	0	1136	883	1948	72506	20985	0.157	
C:\Data\MAYLE2021\LOMA-SUAREZ_V2\LOMA-SUAREZ_42-82cm\XRF data\L000170.spe	916.01	6.27	1	0.010265	-0.008803	0.010128	0.075074	81550	1.52	207	1902	29	70	35	836	14097	1473	24	13962	452	765	1648	211849	729	639	1545	572	0	258	102	21	4678	3559	978	1775	15	89	66	72	438	56	320	307	198	1085	2209	265	352	712	0	1522	957	1976	72443	20646	0.157	
C:\Data\MAYLE2021\LOMA-SUAREZ_V2\LOMA-SUAREZ_42-82cm\XRF data\L000171.spe	918.01	6.28	1	0.010265	-0.008803	0.010128	0.075074	82378	1.60	245	1838	0	66	81	910	14031	1655	44	12832	529	765	1850	219961	721	741	1443	532	117	25	57	30	4841	3542	945	1485	0	153	39	33	610	85	275	172	125	1016	2038	537	280	457	0	1315	926	2186	71866	20186	0.156	
C:\Data\MAYLE2021\LOMA-SUAREZ_V2\LOMA-SUAREZ_42-82cm\XRF data\L000172.spe	920.01	6.25	1	0.010265	-0.008803	0.010128	0.075074	81766	1.53	313	1906	47	68	58	815	14528	1519	24	13798	573	756	1686	211761	725	554	1425	531	0	74	47	0	4823	3702	1063	1972	16	120	35	37	487	147	280	210	168	1048	2362	322	209	713	0	1353	772	1931	72322	20619	0.157	
C:\Data\MAYLE2021\LOMA-SUAREZ_V2\LOMA-SUAREZ_42-82cm\XRF data\L000173.spe	922.01	6.27	1	0.010265	-0.008803	0.010128	0.075074	79687	1.57	282	1846	14	33	23	893	14547	1783	46	13494	464	739	1604	200620	665	508	1464	567	0	125	36	31	4591	3580	883	1796	31	97	27	20	557	36	280	305	195	964	2371	415	464	334	0	1406	803	1677	71832	20700	0.157	
C:\Data\MAYLE2021\LOMA-SUAREZ_V2\LOMA-SUAREZ_42-82cm\XRF data\L000174.spe	924.01	6.27	1	0.010265	-0.008803	0.010128	0.075074	81144	1.52	264	1816	55	59	52	837	14511	1471	19	13230	531	807	1663	213843	623	582	1433	669	41	31	91	0	4601	3435	827	1875	12	11	98	60	461	78	187	187	266	959	2333	464	257	629	20	1194	875	2144	70679	20283	0.156	
C:\Data\MAYLE2021\LOMA-SUAREZ_V2\LOMA-SUAREZ_42-82cm\XRF data\L000175.spe	926.01	6.28	1	0.010265	-0.008803	0.010128	0.075074	81452	1.58	207	2057	23	45	26	904	14931	1511	25	13397	477	827	1691	213225	702	453	1508	593	63	6	138	0	5008	3536	913	1917	28	0	162	0	477	82	294	272	206	1061	2244	478	336	399	0	1287	913	1974	70976	20369	0.156	
C:\Data\MAYLE2021\LOMA-SUAREZ_V2\LOMA-SUAREZ_42-82cm\XRF data\L000176.spe	928.01	6.28	1	0.010265	-0.008803	0.010128	0.075074	80279	1.51	259	1904	24	72	57	860	14206	1533	0	13558	530	692	1465	206844	679	502	1494	606	75	63	90	0	4801	3505	1067	1959	0	100	36	31	512	123	183	255	213	1016	2350	372	157	642	0	1140	872	2107	71237	20683	0.156	
C:\Data\MAYLE2021\LOMA-SUAREZ_V2\LOMA-SUAREZ_42-82cm\XRF data\L000177.spe	930.01	6.28	1	0.010265	-0.008803	0.010128	0.075074	81044	1.47	265	2027	65	84	16	843	14313	1433	0	13837	418	853	1519	215348	666	508	1280	566	0	428	61	25	4673	3522	957	1959	27	112	42	60	460	70	287	242	221	1006	2314	126	397	908	0	1298	876	2425	70031	20185	0.155	
C:\Data\MAYLE2021\LOMA-SUAREZ_V2\LOMA-SUAREZ_42-82cm\XRF data\L000178.spe	932.01	6.29	1	0.010265	-0.008803	0.010128	0.075074	82119	1.65	212	1824	12	24	36	919	14058	1440	0	13723	467	722	1466	226473	674	394	1454	581	96	134	26	0	4540	3566	815	1769	4	53	23	36	358	54	344	241	188	972	2395	290	362	465	24	1457	974	2122	69505	20296	0.155	
C:\Data\MAYLE2021\LOMA-SUAREZ_V2\LOMA-SUAREZ_42-82cm\XRF data\L000179.spe	934.01	6.30	1	0.010265	-0.008803	0.010128	0.075074	82497	1.66	223	1940	8	73	18	837	14185	1425	15	13943	448	868	1473	225126	658	481	1360	762	148	234	171	0	4570	3637	1039	1885	23	19	93	39	539	95	187	196	293	901	2318	183	438	636	0	1450	900	2082	71383	20274	0.155	
C:\Data\MAYLE2021\LOMA-SUAREZ_V2\LOMA-SUAREZ_42-82cm\XRF data\L000180.spe	936.01	6.30	1	0.010265	-0.008803	0.010128	0.075074	81595	1.49	265	2000	15	63	32	875	13993	1436	12	13884	453	795	1581	221024	692	582	1401	565	100	0	64	0	4827	3291	787	1663	31	19	56	22	526	54	256	252	185	864	2282	522	285	480	0	1465	835	1980	69804	19962	0.155	
C:\Data\MAYLE2021\LOMA-SUAREZ_V2\LOMA-SUAREZ_42-82cm\XRF data\L000181.spe	938.01	6.31	1	0.010265	-0.008803	0.010128	0.075074	81757	1.46	327	1962	10	48	9	863	14080	1593	17	13949	499	775	1523	224088	710	560	1370	649	35	209	190	0	4554	3541	890	1960	0	116	36	0	449	53	236	236	169	870	2308	430	321	685	0	1352	892	2101	70283	20068	0.155	
C:\Data\MAYLE2021\LOMA-SUAREZ_V2\LOMA-SUAREZ_42-82cm\XRF data\L000182.spe	940.01	6.32	1	0.010265	-0.008803	0.010128	0.075074	83065	1.64	302	1933	24	68	36	788	14393	1514	13	13810	485	758	1555	229211	658	539	1334	518	48	389	89	0	4375	3671	989	2001	35	62	51	10	554	83	242	296	191	1021	2283	183	295	692	230	1493	1060	2031	70542	20090	0.156	
C:\Data\MAYLE2021\LOMA-SUAREZ_V2\LOMA-SUAREZ_42-82cm\XRF data\L000183.spe	942.01	6.32	1	0.010265	-0.008803	0.010128	0.075074	81396	1.52	216	1920	56	60	24	826	14372	1472	16	13780	392	669	1693	215112	656	577	1495	558	61	179	68	0	4648	3451	805	1672	0	34	98	37	408	92	295	204	227	968	2201	409	392	552	70	1284	836	2011	70727	20906	0.156	
C:\Data\MAYLE2021\LOMA-SUAREZ_V2\LOMA-SUAREZ_42-82cm\XRF data\L000184.spe	944.01	6.32	1	0.010265	-0.008803	0.010128	0.075074	82801	1.66	266	1912	63	38	25	794	14772	1575	0	13525	435	841	1684	222008	720	618	1493	578	0	274	19	0	4635	3252	798	1648	34	86	69	0	487	117	265	262	185	925	2326	262	257	800	0	1249	979	2114	71776	20582	0.156	
C:\Data\MAYLE2021\LOMA-SUAREZ_V2\LOMA-SUAREZ_42-82cm\XRF data\L000185.spe	946.01	6.33	1	0.010265	-0.008803	0.010128	0.075074	84608	1.58	325	1986	38	26	39	809	15242	1646	31	12651	536	876	1763	235087	672	698	1434	561	0	152	174	18	5052	3514	789	1721	26	31	136	33	483	54	269	188	240	875	2207	265	409	613	0	1511	926	2086	70769	20600	0.156	
C:\Data\MAYLE2021\LOMA-SUAREZ_V2\LOMA-SUAREZ_42-82cm\XRF data\L000186.spe	948.01	6.34	1	0.010265	-0.008803	0.010128	0.075074	83042	1.63	280	1997	29	46	47	801	15277	1604	5	12209	529	782	1762	220851	675	628	1364	725	108	137	118	0	5147	3654	870	1443	17	97	57	49	448	101	295	201	192	1032	2164	303	400	527	0	1367	975	2162	72927	20627	0.157	
C:\Data\MAYLE2021\LOMA-SUAREZ_V2\LOMA-SUAREZ_42-82cm\XRF data\L000187.spe	950.01	6.35	1	0.010265	-0.008803	0.010128	0.075074	84838	1.60	286	2023	10	63	19	854	15849	1633	15	11989	535	861	1801	226907	672	632	1409	684	0	35	0	20	5062	3778	945	1561	36	52	85	16	544	103	269	255	221	1005	2324	575	359	675	0	1306	963	1922	73627	21213	0.159	
C:\Data\MAYLE2021\LOMA-SUAREZ_V2\LOMA-SUAREZ_42-82cm\XRF data\L000188.spe	952.01	6.34	1	0.010265	-0.008803	0.010128	0.075074	88109	1.54	323	1935	44	73	22	840	16027	1670	57	11582	519	823	1740	248315	750	703	1337	658	0	56	0	141	5172	3431	754	1280	40	34	132	41	571	87	254	253	212	1048	2209	479	326	543	0	1530	1028	2451	73946	20826	0.159	
C:\Data\MAYLE2021\LOMA-SUAREZ_V2\LOMA-SUAREZ_42-82cm\XRF data\L000189.spe	954.01	6.35	1	0.010265	-0.008803	0.010128	0.075074	88682	1.62	235	1884	23	61	39	867	15752	1701	0	11555	591	823	1839	238707	698	723	1594	732	130	178	143	81	5175	3381	782	1255	0	69	114	19	427	89	337	274	138	1030	2262	475	538	848	55	1468	1009	2167	76485	21292	0.163	
C:\Data\MAYLE2021\LOMA-SUAREZ_V2\LOMA-SUAREZ_42-82cm\XRF data\L000190.spe	956.01	6.34	1	0.010265	-0.008803	0.010128	0.075074	87527	1.66	209	1686	72	15	0	1028	14155	1503	49	10300	455	725	1628	216374	759	726	1627	627	0	0	47	0	5682	3672	1197	1385	28	42	73	26	434	117	267	214	176	827	1887	809	341	723	0	1489	964	1726	87524	23245	0.173	